{
  "meta": {
    "created_at": "2026-03-19 13:06:53",
    "robot_ip": "192.168.1.225",
    "robot_model": "xArm7",
    "pattern_size": [
      6,
      7
    ],
    "square_size_m": 0.03,
    "use_radians": true,
    "angle_unit": "radian",
    "position_unit": "mm",
    "description": "Manually captured hand-eye calibration dataset with live ZED2 checkerboard preview",
    "num_samples": 40
  },
  "samples": [
    {
      "id": 0,
      "timestamp": "2026-03-19 12:57:15",
      "image_path": "calib_dataset/images_01/sample_000.png",
      "pattern_size": [
        6,
        7
      ],
      "square_size_m": 0.03,
      "tcp_pose_rpy": [
        374.270599,
        422.131195,
        449.985962,
        -2.180741,
        0.589615,
        1.499306
      ],
      "tcp_pose_aa": [
        374.270599,
        422.131195,
        449.985962,
        -2.049347,
        -1.38019,
        1.408992
      ],
      "joint_angles": [
        0.551735,
        1.028946,
        0.731335,
        2.736447,
        0.354773,
        2.581903,
        0.28682
      ],
      "R_gripper2base": [
        [
          0.059369295,
          0.538802593,
          -0.840337463
        ],
        [
          0.829031752,
          -0.495528054,
          -0.259149187
        ],
        [
          -0.556041042,
          -0.681280935,
          -0.476103609
        ]
      ],
      "t_gripper2base": [
        0.374270599,
        0.422131195,
        0.449985962
      ],
      "R_target2cam": [
        [
          -0.677424937,
          0.70911405,
          0.195583021
        ],
        [
          -0.734432788,
          -0.666932293,
          -0.125737016
        ],
        [
          0.041278748,
          -0.228819974,
          0.972593175
        ]
      ],
      "t_target2cam": [
        0.052526988,
        -0.028511721,
        0.48953614
      ],
      "reproj_error_px": 0.175671,
      "angle_unit": "radian",
      "position_unit": "mm"
    },
    {
      "id": 1,
      "timestamp": "2026-03-19 12:57:30",
      "image_path": "calib_dataset/images_01/sample_001.png",
      "pattern_size": [
        6,
        7
      ],
      "square_size_m": 0.03,
      "tcp_pose_rpy": [
        351.501343,
        482.001892,
        404.782654,
        -2.942402,
        0.684917,
        0.891474
      ],
      "tcp_pose_aa": [
        351.501343,
        482.001892,
        404.782654,
        2.604153,
        1.132243,
        -1.035112
      ],
      "joint_angles": [
        0.817775,
        0.994443,
        0.287932,
        2.735968,
        0.093343,
        2.404619,
        0.28682
      ],
      "R_gripper2base": [
        [
          0.486573785,
          0.683970518,
          -0.543534988
        ],
        [
          0.602538086,
          -0.713231341,
          -0.35811857
        ],
        [
          -0.632608732,
          -0.153249423,
          -0.759157959
        ]
      ],
      "t_gripper2base": [
        0.351501343,
        0.482001892,
        0.404782654
      ],
      "R_target2cam": [
        [
          -0.272368036,
          0.961271983,
          -0.04209308
        ],
        [
          -0.939307563,
          -0.256150739,
          0.228228177
        ],
        [
          0.208607179,
          0.101700409,
          0.972697318
        ]
      ],
      "t_target2cam": [
        0.005687809,
        0.020273574,
        0.443092523
      ],
      "reproj_error_px": 0.147758,
      "angle_unit": "radian",
      "position_unit": "mm"
    },
    {
      "id": 2,
      "timestamp": "2026-03-19 12:57:44",
      "image_path": "calib_dataset/images_01/sample_002.png",
      "pattern_size": [
        6,
        7
      ],
      "square_size_m": 0.03,
      "tcp_pose_rpy": [
        317.638367,
        497.248749,
        151.023453,
        -3.109977,
        0.81422,
        0.726143
      ],
      "tcp_pose_aa": [
        317.638367,
        497.248749,
        151.023453,
        2.504476,
        0.931997,
        -1.092143
      ],
      "joint_angles": [
        0.854552,
        0.984733,
        0.180093,
        1.985126,
        0.093356,
        1.787525,
        0.28682
      ],
      "R_gripper2base": [
        [
          0.513276377,
          0.646470085,
          -0.564467705
        ],
        [
          0.455786357,
          -0.762630716,
          -0.458969702
        ],
        [
          -0.727190592,
          -0.021698373,
          -0.686092576
        ]
      ],
      "t_gripper2base": [
        0.317638367,
        0.497248749,
        0.151023453
      ],
      "R_target2cam": [
        [
          -0.141263553,
          0.983072217,
          -0.116677439
        ],
        [
          -0.983982645,
          -0.12648534,
          0.125616927
        ],
        [
          0.108732526,
          0.132553668,
          0.985193769
        ]
      ],
      "t_target2cam": [
        0.008914439,
        0.206127407,
        0.632531959
      ],
      "reproj_error_px": 0.119628,
      "angle_unit": "radian",
      "position_unit": "mm"
    },
    {
      "id": 3,
      "timestamp": "2026-03-19 12:57:58",
      "image_path": "calib_dataset/images_01/sample_003.png",
      "pattern_size": [
        6,
        7
      ],
      "square_size_m": 0.03,
      "tcp_pose_rpy": [
        340.051544,
        547.348877,
        169.660187,
        -3.011628,
        0.423391,
        0.717873
      ],
      "tcp_pose_aa": [
        340.051544,
        547.348877,
        169.660187,
        2.858893,
        1.027252,
        -0.680649
      ],
      "joint_angles": [
        0.878484,
        0.984551,
        0.181265,
        2.029021,
        0.093358,
        1.422662,
        0.28682
      ],
      "R_gripper2base": [
        [
          0.686699449,
          0.612130837,
          -0.39209655
        ],
        [
          0.599702096,
          -0.78187922,
          -0.170359271
        ],
        [
          -0.410854308,
          -0.118155505,
          -0.904012176
        ]
      ],
      "t_gripper2base": [
        0.340051544,
        0.547348877,
        0.169660187
      ],
      "R_target2cam": [
        [
          -0.179809063,
          0.982206208,
          0.054218694
        ],
        [
          -0.86356033,
          -0.184004383,
          0.469474114
        ],
        [
          0.471096866,
          0.037594587,
          0.881279972
        ]
      ],
      "t_target2cam": [
        0.05023636,
        0.195793933,
        0.514875153
      ],
      "reproj_error_px": 0.153134,
      "angle_unit": "radian",
      "position_unit": "mm"
    },
    {
      "id": 4,
      "timestamp": "2026-03-19 12:58:16",
      "image_path": "calib_dataset/images_01/sample_004.png",
      "pattern_size": [
        6,
        7
      ],
      "square_size_m": 0.03,
      "tcp_pose_rpy": [
        158.416992,
        449.39682,
        82.865372,
        3.122756,
        0.497083,
        0.850319
      ],
      "tcp_pose_aa": [
        158.416992,
        449.39682,
        82.865372,
        2.592479,
        1.181286,
        -0.647587
      ],
      "joint_angles": [
        1.099603,
        0.662229,
        0.121451,
        1.158169,
        0.094056,
        0.975527,
        0.28682
      ],
      "R_gripper2base": [
        [
          0.579899628,
          0.757283372,
          -0.30039693
        ],
        [
          0.660543719,
          -0.652876558,
          -0.370721182
        ],
        [
          -0.476863101,
          0.01655577,
          -0.878821648
        ]
      ],
      "t_gripper2base": [
        0.158416992,
        0.44939682,
        0.082865372
      ],
      "R_target2cam": [
        [
          -0.286829045,
          0.946559773,
          -0.14749134
        ],
        [
          -0.878151783,
          -0.198262245,
          0.435363674
        ],
        [
          0.382855776,
          0.254394731,
          0.888090522
        ]
      ],
      "t_target2cam": [
        0.08253601,
        0.142790662,
        0.728921064
      ],
      "reproj_error_px": 0.21603,
      "angle_unit": "radian",
      "position_unit": "mm"
    },
    {
      "id": 5,
      "timestamp": "2026-03-19 12:58:27",
      "image_path": "calib_dataset/images_01/sample_005.png",
      "pattern_size": [
        6,
        7
      ],
      "square_size_m": 0.03,
      "tcp_pose_rpy": [
        120.904037,
        587.749207,
        74.203758,
        -2.97275,
        0.336059,
        1.004745
      ],
      "tcp_pose_aa": [
        120.904037,
        587.749207,
        74.203758,
        2.713579,
        1.440494,
        -0.581868
      ],
      "joint_angles": [
        1.169726,
        0.966795,
        0.228322,
        1.662084,
        0.094056,
        0.975483,
        0.28682
      ],
      "R_gripper2base": [
        [
          0.506303326,
          0.802304014,
          -0.316172755
        ],
        [
          0.796812185,
          -0.575448481,
          -0.184253594
        ],
        [
          -0.32976853,
          -0.158642096,
          -0.930637095
        ]
      ],
      "t_gripper2base": [
        0.120904037,
        0.587749207,
        0.074203758
      ],
      "R_target2cam": [
        [
          -0.438047446,
          0.898770092,
          0.018076439
        ],
        [
          -0.761546084,
          -0.381701068,
          0.52378608
        ],
        [
          0.477663059,
          0.215677113,
          0.851658021
        ]
      ],
      "t_target2cam": [
        0.25766622,
        0.160857522,
        0.689753603
      ],
      "reproj_error_px": 0.155613,
      "angle_unit": "radian",
      "position_unit": "mm"
    },
    {
      "id": 6,
      "timestamp": "2026-03-19 12:58:39",
      "image_path": "calib_dataset/images_01/sample_006.png",
      "pattern_size": [
        6,
        7
      ],
      "square_size_m": 0.03,
      "tcp_pose_rpy": [
        148.672516,
        544.074402,
        336.240112,
        -3.046807,
        0.393823,
        1.033486
      ],
      "tcp_pose_aa": [
        148.672516,
        544.074402,
        336.240112,
        2.597882,
        1.443891,
        -0.585138
      ],
      "joint_angles": [
        1.094133,
        0.477965,
        0.232254,
        1.665268,
        0.094048,
        1.550544,
        0.28682
      ],
      "R_gripper2base": [
        [
          0.472645708,
          0.836644495,
          -0.276824898
        ],
        [
          0.7933246,
          -0.540728588,
          -0.279729642
        ],
        [
          -0.383721401,
          -0.087398987,
          -0.919303706
        ]
      ],
      "t_gripper2base": [
        0.148672516,
        0.544074402,
        0.336240112
      ],
      "R_target2cam": [
        [
          -0.455253511,
          0.885985671,
          -0.088168202
        ],
        [
          -0.783675736,
          -0.35173213,
          0.511993017
        ],
        [
          0.422606887,
          0.3021819,
          0.85445276
        ]
      ],
      "t_target2cam": [
        0.206978937,
        -0.043482868,
        0.534179997
      ],
      "reproj_error_px": 0.21021,
      "angle_unit": "radian",
      "position_unit": "mm"
    },
    {
      "id": 7,
      "timestamp": "2026-03-19 12:58:53",
      "image_path": "calib_dataset/images_01/sample_007.png",
      "pattern_size": [
        6,
        7
      ],
      "square_size_m": 0.03,
      "tcp_pose_rpy": [
        -30.808699,
        574.278503,
        100.491394,
        -2.719179,
        0.771442,
        1.159433
      ],
      "tcp_pose_aa": [
        -30.808699,
        574.278503,
        100.491394,
        2.456173,
        1.319175,
        -1.269782
      ],
      "joint_angles": [
        1.381403,
        0.921424,
        0.20776,
        1.661802,
        0.524297,
        1.336887,
        0.28682
      ],
      "R_gripper2base": [
        [
          0.286661575,
          0.721725883,
          -0.630029278
        ],
        [
          0.657099448,
          -0.626682851,
          -0.418913978
        ],
        [
          -0.697169604,
          -0.29390535,
          -0.653891572
        ]
      ],
      "t_gripper2base": [
        -0.030808699,
        0.574278503,
        0.100491394
      ],
      "R_target2cam": [
        [
          -0.429253347,
          0.902331127,
          -0.039244128
        ],
        [
          -0.901977446,
          -0.426029684,
          0.070252369
        ],
        [
          0.046671735,
          0.065553383,
          0.996756993
        ]
      ],
      "t_target2cam": [
        0.31696306,
        0.090723718,
        0.893229143
      ],
      "reproj_error_px": 0.15895,
      "angle_unit": "radian",
      "position_unit": "mm"
    },
    {
      "id": 8,
      "timestamp": "2026-03-19 12:59:04",
      "image_path": "calib_dataset/images_01/sample_008.png",
      "pattern_size": [
        6,
        7
      ],
      "square_size_m": 0.03,
      "tcp_pose_rpy": [
        -15.502764,
        648.853333,
        93.702789,
        -2.618094,
        0.619658,
        1.168633
      ],
      "tcp_pose_aa": [
        -15.502764,
        648.853333,
        93.702789,
        -2.479717,
        -1.350693,
        1.167003
      ],
      "joint_angles": [
        1.398089,
        1.154564,
        0.207559,
        2.06782,
        0.524192,
        1.335802,
        0.28682
      ],
      "R_gripper2base": [
        [
          0.318637628,
          0.683340089,
          -0.656899068
        ],
        [
          0.749127042,
          -0.606154955,
          -0.267179428
        ],
        [
          -0.580757038,
          -0.406967436,
          -0.705052316
        ]
      ],
      "t_gripper2base": [
        -0.015502764,
        0.648853333,
        0.093702789
      ],
      "R_target2cam": [
        [
          -0.490407684,
          0.86557178,
          0.101418919
        ],
        [
          -0.854070691,
          -0.500491444,
          0.141674165
        ],
        [
          0.17338846,
          -0.017140827,
          0.984704338
        ]
      ],
      "t_target2cam": [
        0.39020984,
        0.122087934,
        0.835302353
      ],
      "reproj_error_px": 0.172617,
      "angle_unit": "radian",
      "position_unit": "mm"
    },
    {
      "id": 9,
      "timestamp": "2026-03-19 12:59:16",
      "image_path": "calib_dataset/images_01/sample_009.png",
      "pattern_size": [
        6,
        7
      ],
      "square_size_m": 0.03,
      "tcp_pose_rpy": [
        -17.032087,
        423.894562,
        63.54298,
        -3.000284,
        0.994326,
        0.916003
      ],
      "tcp_pose_aa": [
        -17.032087,
        423.894562,
        63.54298,
        2.296005,
        1.02428,
        -1.301335
      ],
      "joint_angles": [
        1.30573,
        0.704525,
        0.206712,
        1.099521,
        0.524192,
        1.257276,
        0.28682
      ],
      "R_gripper2base": [
        [
          0.331944302,
          0.713358917,
          -0.617196918
        ],
        [
          0.432333892,
          -0.69658162,
          -0.572591872
        ],
        [
          -0.838391547,
          -0.076766537,
          -0.539635537
        ]
      ],
      "t_gripper2base": [
        -0.017032087,
        0.423894562,
        0.06354298
      ],
      "R_target2cam": [
        [
          -0.215917694,
          0.959875895,
          -0.178935228
        ],
        [
          -0.972116861,
          -0.228496678,
          -0.052707465
        ],
        [
          -0.091478731,
          0.162565478,
          0.982448018
        ]
      ],
      "t_target2cam": [
        0.128929027,
        0.081431648,
        0.988324557
      ],
      "reproj_error_px": 0.135622,
      "angle_unit": "radian",
      "position_unit": "mm"
    },
    {
      "id": 10,
      "timestamp": "2026-03-19 12:59:30",
      "image_path": "calib_dataset/images_01/sample_010.png",
      "pattern_size": [
        6,
        7
      ],
      "square_size_m": 0.03,
      "tcp_pose_rpy": [
        -213.886887,
        607.943359,
        137.828827,
        -2.081547,
        0.854798,
        1.355678
      ],
      "tcp_pose_aa": [
        -213.886887,
        607.943359,
        137.828827,
        -2.153842,
        -0.95419,
        1.64387
      ],
      "joint_angles": [
        1.539334,
        1.020116,
        0.402053,
        1.800138,
        1.051337,
        1.132203,
        0.28682
      ],
      "R_gripper2base": [
        [
          0.140110708,
          0.337073104,
          -0.930994475
        ],
        [
          0.64124224,
          -0.747333238,
          -0.174073031
        ],
        [
          -0.754438453,
          -0.572603487,
          -0.320854902
        ]
      ],
      "t_gripper2base": [
        -0.213886887,
        0.607943359,
        0.137828827
      ],
      "R_target2cam": [
        [
          -0.480546276,
          0.814392588,
          0.325330585
        ],
        [
          -0.871822005,
          -0.403502777,
          -0.277690298
        ],
        [
          -0.094877126,
          -0.417073401,
          0.903907135
        ]
      ],
      "t_target2cam": [
        0.453832139,
        -0.034538987,
        1.058082224
      ],
      "reproj_error_px": 0.188255,
      "angle_unit": "radian",
      "position_unit": "mm"
    },
    {
      "id": 11,
      "timestamp": "2026-03-19 12:59:42",
      "image_path": "calib_dataset/images_01/sample_011.png",
      "pattern_size": [
        6,
        7
      ],
      "square_size_m": 0.03,
      "tcp_pose_rpy": [
        -148.432022,
        442.660797,
        77.949959,
        -2.639959,
        1.129846,
        0.929187
      ],
      "tcp_pose_aa": [
        -148.432022,
        442.660797,
        77.949959,
        2.416335,
        0.757013,
        -1.7032
      ],
      "joint_angles": [
        1.42925,
        0.736608,
        0.347798,
        1.118828,
        1.051335,
        1.132224,
        0.28682
      ],
      "R_gripper2base": [
        [
          0.255433075,
          0.442173605,
          -0.859788606
        ],
        [
          0.341922939,
          -0.87313415,
          -0.347455694
        ],
        [
          -0.904346531,
          -0.20522977,
          -0.374216639
        ]
      ],
      "t_gripper2base": [
        -0.148432022,
        0.442660797,
        0.077949959
      ],
      "R_target2cam": [
        [
          -0.17030746,
          0.976089642,
          0.13507176
        ],
        [
          -0.957930261,
          -0.13186379,
          -0.254914801
        ],
        [
          -0.231008623,
          -0.172803218,
          0.957483192
        ]
      ],
      "t_target2cam": [
        0.196782247,
        -0.005528011,
        1.121222964
      ],
      "reproj_error_px": 0.236391,
      "angle_unit": "radian",
      "position_unit": "mm"
    },
    {
      "id": 12,
      "timestamp": "2026-03-19 13:00:08",
      "image_path": "calib_dataset/images_01/sample_012.png",
      "pattern_size": [
        6,
        7
      ],
      "square_size_m": 0.03,
      "tcp_pose_rpy": [
        -198.883362,
        471.007202,
        118.43869,
        -2.643856,
        0.681748,
        0.89301
      ],
      "tcp_pose_aa": [
        -198.883362,
        471.007202,
        118.43869,
        -2.586743,
        -0.963631,
        1.181312
      ],
      "joint_angles": [
        1.601058,
        0.637904,
        0.364581,
        1.13529,
        1.049945,
        0.704749,
        0.28682
      ],
      "R_gripper2base": [
        [
          0.486902757,
          0.495788735,
          -0.71911003
        ],
        [
          0.604843266,
          -0.785342054,
          -0.131918463
        ],
        [
          -0.630151036,
          -0.370717396,
          -0.682259689
        ]
      ],
      "t_gripper2base": [
        -0.198883362,
        0.471007202,
        0.11843869
      ],
      "R_target2cam": [
        [
          -0.278796611,
          0.925301199,
          0.257080027
        ],
        [
          -0.938818346,
          -0.318966751,
          0.129924306
        ],
        [
          0.202219097,
          -0.205128989,
          0.957616591
        ]
      ],
      "t_target2cam": [
        0.273993991,
        -0.045049524,
        1.027958167
      ],
      "reproj_error_px": 0.184693,
      "angle_unit": "radian",
      "position_unit": "mm"
    },
    {
      "id": 13,
      "timestamp": "2026-03-19 13:00:19",
      "image_path": "calib_dataset/images_01/sample_013.png",
      "pattern_size": [
        6,
        7
      ],
      "square_size_m": 0.03,
      "tcp_pose_rpy": [
        -178.487564,
        612.245117,
        99.205994,
        -2.418995,
        0.604434,
        0.864394
      ],
      "tcp_pose_aa": [
        -178.487564,
        612.245117,
        99.205994,
        -2.403173,
        -0.782874,
        1.107923
      ],
      "joint_angles": [
        1.605129,
        0.986695,
        0.307857,
        1.69033,
        1.047722,
        0.704749,
        0.28682
      ],
      "R_gripper2base": [
        [
          0.534095926,
          0.326641009,
          -0.779773809
        ],
        [
          0.625924182,
          -0.772782377,
          0.105006271
        ],
        [
          -0.568296103,
          -0.544162705,
          -0.617192426
        ]
      ],
      "t_gripper2base": [
        -0.178487564,
        0.612245117,
        0.099205994
      ],
      "R_target2cam": [
        [
          -0.27730281,
          0.824682865,
          0.492951645
        ],
        [
          -0.9231781,
          -0.370843297,
          0.101081378
        ],
        [
          0.266167893,
          -0.427052013,
          0.864165048
        ]
      ],
      "t_target2cam": [
        0.393540258,
        0.024259617,
        0.972191474
      ],
      "reproj_error_px": 0.285155,
      "angle_unit": "radian",
      "position_unit": "mm"
    },
    {
      "id": 14,
      "timestamp": "2026-03-19 13:00:33",
      "image_path": "calib_dataset/images_01/sample_014.png",
      "pattern_size": [
        6,
        7
      ],
      "square_size_m": 0.03,
      "tcp_pose_rpy": [
        -210.318726,
        651.522583,
        96.833466,
        -2.164133,
        0.730048,
        1.199115
      ],
      "tcp_pose_aa": [
        -210.318726,
        651.522583,
        96.833466,
        -2.186295,
        -0.921971,
        1.431302
      ],
      "joint_angles": [
        1.636278,
        1.205371,
        0.308662,
        2.067493,
        1.047674,
        1.038432,
        0.28682
      ],
      "R_gripper2base": [
        [
          0.27062329,
          0.320142068,
          -0.907894317
        ],
        [
          0.694262604,
          -0.718229817,
          -0.04631811
        ],
        [
          -0.666905145,
          -0.617782313,
          -0.416632381
        ]
      ],
      "t_gripper2base": [
        -0.210318726,
        0.651522583,
        0.096833466
      ],
      "R_target2cam": [
        [
          -0.469320602,
          0.774919771,
          0.423364526
        ],
        [
          -0.881618335,
          -0.438283542,
          -0.175090403
        ],
        [
          0.049872689,
          -0.455419462,
          0.888878973
        ]
      ],
      "t_target2cam": [
        0.490155414,
        0.018387822,
        1.032797543
      ],
      "reproj_error_px": 0.171841,
      "angle_unit": "radian",
      "position_unit": "mm"
    },
    {
      "id": 15,
      "timestamp": "2026-03-19 13:00:50",
      "image_path": "calib_dataset/images_01/sample_015.png",
      "pattern_size": [
        6,
        7
      ],
      "square_size_m": 0.03,
      "tcp_pose_rpy": [
        -441.367554,
        549.596924,
        250.327408,
        -2.018387,
        0.544052,
        1.653075
      ],
      "tcp_pose_aa": [
        -441.367554,
        549.596924,
        250.327408,
        -1.857859,
        -1.420584,
        1.501405
      ],
      "joint_angles": [
        1.981874,
        0.986651,
        0.353236,
        2.064694,
        1.047853,
        1.038403,
        0.28682
      ],
      "R_gripper2base": [
        [
          -0.070320152,
          0.46968009,
          -0.880031641
        ],
        [
          0.852723681,
          -0.429470837,
          -0.297350172
        ],
        [
          -0.517607381,
          -0.771333529,
          -0.37030688
        ]
      ],
      "t_gripper2base": [
        -0.441367554,
        0.549596924,
        0.250327408
      ],
      "R_target2cam": [
        [
          -0.772828468,
          0.607955017,
          0.182007846
        ],
        [
          -0.634212481,
          -0.729679798,
          -0.255620661
        ],
        [
          -0.022598415,
          -0.312982572,
          0.94948998
        ]
      ],
      "t_target2cam": [
        0.594657644,
        -0.285177159,
        1.14593721
      ],
      "reproj_error_px": 0.118609,
      "angle_unit": "radian",
      "position_unit": "mm"
    },
    {
      "id": 16,
      "timestamp": "2026-03-19 13:01:03",
      "image_path": "calib_dataset/images_01/sample_016.png",
      "pattern_size": [
        6,
        7
      ],
      "square_size_m": 0.03,
      "tcp_pose_rpy": [
        -364.667389,
        573.111206,
        78.039268,
        -2.13728,
        0.78282,
        1.459445
      ],
      "tcp_pose_aa": [
        -364.667389,
        573.111206,
        78.039268,
        -2.136322,
        -1.186202,
        1.605466
      ],
      "joint_angles": [
        1.863175,
        1.24291,
        0.350735,
        2.064709,
        1.047853,
        1.03838,
        0.28682
      ],
      "R_gripper2base": [
        [
          0.078777252,
          0.467215022,
          -0.880627202
        ],
        [
          0.704536945,
          -0.651061497,
          -0.282394442
        ],
        [
          -0.705281389,
          -0.59818814,
          -0.380459079
        ]
      ],
      "t_gripper2base": [
        -0.364667389,
        0.573111206,
        0.078039268
      ],
      "R_target2cam": [
        [
          -0.570765088,
          0.796043284,
          0.201351198
        ],
        [
          -0.816133047,
          -0.523015225,
          -0.245727337
        ],
        [
          -0.090299854,
          -0.304581951,
          0.948196062
        ]
      ],
      "t_target2cam": [
        0.518660626,
        -0.078094186,
        1.201794185
      ],
      "reproj_error_px": 0.115742,
      "angle_unit": "radian",
      "position_unit": "mm"
    },
    {
      "id": 17,
      "timestamp": "2026-03-19 13:01:15",
      "image_path": "calib_dataset/images_01/sample_017.png",
      "pattern_size": [
        6,
        7
      ],
      "square_size_m": 0.03,
      "tcp_pose_rpy": [
        -368.456818,
        474.467865,
        46.641815,
        -2.282528,
        0.986971,
        1.468071
      ],
      "tcp_pose_aa": [
        -368.456818,
        474.467865,
        46.641815,
        2.259573,
        1.21241,
        -1.758317
      ],
      "joint_angles": [
        1.835688,
        1.103157,
        0.400342,
        1.675345,
        1.050104,
        1.038407,
        0.28682
      ],
      "R_gripper2base": [
        [
          0.05652492,
          0.584914919,
          -0.809122655
        ],
        [
          0.548313683,
          -0.695450291,
          -0.464436215
        ],
        [
          -0.834360257,
          -0.417400803,
          -0.360027126
        ]
      ],
      "t_gripper2base": [
        -0.368456818,
        0.474467865,
        0.046641815
      ],
      "R_target2cam": [
        [
          -0.444757423,
          0.89559603,
          0.009929066
        ],
        [
          -0.861408501,
          -0.424691117,
          -0.278590827
        ],
        [
          -0.245288053,
          -0.13245832,
          0.96035856
        ]
      ],
      "t_target2cam": [
        0.399784153,
        -0.082596812,
        1.280718039
      ],
      "reproj_error_px": 0.155679,
      "angle_unit": "radian",
      "position_unit": "mm"
    },
    {
      "id": 18,
      "timestamp": "2026-03-19 13:01:33",
      "image_path": "calib_dataset/images_01/sample_018.png",
      "pattern_size": [
        6,
        7
      ],
      "square_size_m": 0.03,
      "tcp_pose_rpy": [
        -367.737061,
        496.02533,
        284.087341,
        -2.125954,
        0.611599,
        1.452021
      ],
      "tcp_pose_aa": [
        -367.737061,
        496.02533,
        284.087341,
        -2.044279,
        -1.259265,
        1.431988
      ],
      "joint_angles": [
        1.759911,
        0.614856,
        0.49952,
        1.517646,
        1.113852,
        0.867131,
        0.28682
      ],
      "R_gripper2base": [
        [
          0.097016338,
          0.46554405,
          -0.879691177
        ],
        [
          0.81296247,
          -0.546964803,
          -0.199803719
        ],
        [
          -0.574177544,
          -0.695771687,
          -0.431534363
        ]
      ],
      "t_gripper2base": [
        -0.367737061,
        0.49602533,
        0.284087341
      ],
      "R_target2cam": [
        [
          -0.653790199,
          0.704859053,
          0.275194642
        ],
        [
          -0.755114735,
          -0.631112425,
          -0.177479136
        ],
        [
          0.048580983,
          -0.323837649,
          0.944864575
        ]
      ],
      "t_target2cam": [
        0.476781298,
        -0.271698144,
        1.078855068
      ],
      "reproj_error_px": 0.153802,
      "angle_unit": "radian",
      "position_unit": "mm"
    },
    {
      "id": 19,
      "timestamp": "2026-03-19 13:01:46",
      "image_path": "calib_dataset/images_01/sample_019.png",
      "pattern_size": [
        6,
        7
      ],
      "square_size_m": 0.03,
      "tcp_pose_rpy": [
        213.006226,
        515.04718,
        309.000427,
        -1.915222,
        0.885179,
        1.174593
      ],
      "tcp_pose_aa": [
        213.006226,
        515.04718,
        309.000427,
        -2.05873,
        -0.559572,
        1.587594
      ],
      "joint_angles": [
        0.833722,
        0.560145,
        0.212374,
        1.563583,
        1.060295,
        1.753325,
        0.28682
      ],
      "R_gripper2base": [
        [
          0.244344633,
          0.030330416,
          -0.969213994
        ],
        [
          0.584102313,
          -0.802437066,
          0.122144352
        ],
        [
          -0.774028545,
          -0.595965452,
          -0.213787257
        ]
      ],
      "t_gripper2base": [
        0.213006226,
        0.51504718,
        0.309000427
      ],
      "R_target2cam": [
        [
          -0.380900519,
          0.712035259,
          0.589847933
        ],
        [
          -0.921988958,
          -0.244438174,
          -0.300310408
        ],
        [
          -0.069650247,
          -0.658221672,
          0.749595274
        ]
      ],
      "t_target2cam": [
        0.149233212,
        0.025928504,
        0.710022196
      ],
      "reproj_error_px": 0.156897,
      "angle_unit": "radian",
      "position_unit": "mm"
    },
    {
      "id": 20,
      "timestamp": "2026-03-19 13:01:58",
      "image_path": "calib_dataset/images_01/sample_020.png",
      "pattern_size": [
        6,
        7
      ],
      "square_size_m": 0.03,
      "tcp_pose_rpy": [
        349.180389,
        468.218964,
        384.814728,
        -2.362013,
        0.730127,
        1.024074
      ],
      "tcp_pose_aa": [
        349.180389,
        468.218964,
        384.814728,
        -2.358049,
        -0.877627,
        1.328454
      ],
      "joint_angles": [
        0.675519,
        0.708061,
        0.20243,
        2.096296,
        0.644122,
        2.081129,
        0.28682
      ],
      "R_gripper2base": [
        [
          0.387364907,
          0.363780887,
          -0.847119764
        ],
        [
          0.6364803,
          -0.770268839,
          -0.0397334
        ],
        [
          -0.666964209,
          -0.523783717,
          -0.529914485
        ]
      ],
      "t_gripper2base": [
        0.349180389,
        0.468218964,
        0.384814728
      ],
      "R_target2cam": [
        [
          -0.353497961,
          0.851345571,
          0.387620833
        ],
        [
          -0.927783179,
          -0.371982461,
          -0.029110512
        ],
        [
          0.119405046,
          -0.369918596,
          0.921359141
        ]
      ],
      "t_target2cam": [
        0.022534669,
        0.038017259,
        0.522229081
      ],
      "reproj_error_px": 0.191978,
      "angle_unit": "radian",
      "position_unit": "mm"
    },
    {
      "id": 21,
      "timestamp": "2026-03-19 13:02:17",
      "image_path": "calib_dataset/images_01/sample_021.png",
      "pattern_size": [
        6,
        7
      ],
      "square_size_m": 0.03,
      "tcp_pose_rpy": [
        236.022064,
        597.768005,
        179.135284,
        -3.001218,
        0.746333,
        0.425218
      ],
      "tcp_pose_aa": [
        236.022064,
        597.768005,
        179.135284,
        2.846082,
        0.532886,
        -1.150628
      ],
      "joint_angles": [
        1.003594,
        1.022613,
        0.200882,
        2.096227,
        0.413377,
        1.574342,
        0.67735
      ],
      "R_gripper2base": [
        [
          0.668803305,
          0.321926636,
          -0.670123407
        ],
        [
          0.302865215,
          -0.94117548,
          -0.149871201
        ],
        [
          -0.678951251,
          -0.102722715,
          -0.726961651
        ]
      ],
      "t_gripper2base": [
        0.236022064,
        0.597768005,
        0.179135284
      ],
      "R_target2cam": [
        [
          0.072973547,
          0.976640775,
          0.202108034
        ],
        [
          -0.98036032,
          0.033015407,
          0.194431545
        ],
        [
          0.183217096,
          -0.212327056,
          0.959869114
        ]
      ],
      "t_target2cam": [
        0.089504062,
        0.153959471,
        0.647294463
      ],
      "reproj_error_px": 0.21347,
      "angle_unit": "radian",
      "position_unit": "mm"
    },
    {
      "id": 22,
      "timestamp": "2026-03-19 13:02:24",
      "image_path": "calib_dataset/images_01/sample_022.png",
      "pattern_size": [
        6,
        7
      ],
      "square_size_m": 0.03,
      "tcp_pose_rpy": [
        65.722809,
        639.315002,
        179.193283,
        -3.000675,
        0.746592,
        0.699132
      ],
      "tcp_pose_aa": [
        65.722809,
        639.315002,
        179.193283,
        2.663273,
        0.888293,
        -1.100527
      ],
      "joint_angles": [
        1.276847,
        1.022613,
        0.201439,
        2.096227,
        0.413377,
        1.574342,
        0.677348
      ],
      "R_gripper2base": [
        [
          0.561810167,
          0.564165471,
          -0.605050955
        ],
        [
          0.472373311,
          -0.819200355,
          -0.325229509
        ],
        [
          -0.679141216,
          -0.103092678,
          -0.7267318
        ]
      ],
      "t_gripper2base": [
        0.065722809,
        0.639315002,
        0.179193283
      ],
      "R_target2cam": [
        [
          -0.130911934,
          0.991096518,
          0.024284917
        ],
        [
          -0.976434555,
          -0.133137187,
          0.169853022
        ],
        [
          0.171573964,
          -0.001476844,
          0.985170134
        ]
      ],
      "t_target2cam": [
        0.251668931,
        0.088668632,
        0.731450271
      ],
      "reproj_error_px": 0.094856,
      "angle_unit": "radian",
      "position_unit": "mm"
    },
    {
      "id": 23,
      "timestamp": "2026-03-19 13:02:33",
      "image_path": "calib_dataset/images_01/sample_023.png",
      "pattern_size": [
        6,
        7
      ],
      "square_size_m": 0.03,
      "tcp_pose_rpy": [
        -132.613113,
        628.856689,
        179.214798,
        -3.000473,
        0.746689,
        1.009521
      ],
      "tcp_pose_aa": [
        -132.613113,
        628.856689,
        179.214798,
        2.414021,
        1.247827,
        -1.024209
      ],
      "joint_angles": [
        1.586993,
        1.022613,
        0.201644,
        2.096227,
        0.413379,
        1.574342,
        0.677348
      ],
      "R_gripper2base": [
        [
          0.390652281,
          0.787312911,
          -0.477000184
        ],
        [
          0.621338327,
          -0.60785027,
          -0.494425659
        ],
        [
          -0.679212396,
          -0.103229985,
          -0.726645781
        ]
      ],
      "t_gripper2base": [
        -0.132613113,
        0.628856689,
        0.179214798
      ],
      "R_target2cam": [
        [
          -0.347996086,
          0.919244341,
          -0.184088472
        ],
        [
          -0.93030897,
          -0.314337603,
          0.188989662
        ],
        [
          0.115861748,
          0.23702682,
          0.964569511
        ]
      ],
      "t_target2cam": [
        0.39310871,
        -0.014097869,
        0.865344051
      ],
      "reproj_error_px": 0.147057,
      "angle_unit": "radian",
      "position_unit": "mm"
    },
    {
      "id": 24,
      "timestamp": "2026-03-19 13:02:43",
      "image_path": "calib_dataset/images_01/sample_024.png",
      "pattern_size": [
        6,
        7
      ],
      "square_size_m": 0.03,
      "tcp_pose_rpy": [
        141.188278,
        642.541504,
        154.918564,
        3.038208,
        0.33564,
        0.554364
      ],
      "tcp_pose_aa": [
        141.188278,
        642.541504,
        154.918564,
        2.801314,
        0.823598,
        -0.434428
      ],
      "joint_angles": [
        1.376324,
        1.038752,
        -0.075196,
        2.095322,
        0.224563,
        1.380364,
        0.677343
      ],
      "R_gripper2base": [
        [
          0.802792083,
          0.552492881,
          -0.22422419
        ],
        [
          0.49702926,
          -0.827802253,
          -0.260202508
        ],
        [
          -0.329373323,
          0.09744253,
          -0.939158223
        ]
      ],
      "t_gripper2base": [
        0.141188278,
        0.642541504,
        0.154918564
      ],
      "R_target2cam": [
        [
          -0.036199197,
          0.994300802,
          -0.100277281
        ],
        [
          -0.830312676,
          0.025914898,
          0.55669496
        ],
        [
          0.55612092,
          0.103413408,
          0.824642461
        ]
      ],
      "t_target2cam": [
        0.19832696,
        0.102018071,
        0.601199915
      ],
      "reproj_error_px": 0.182211,
      "angle_unit": "radian",
      "position_unit": "mm"
    },
    {
      "id": 25,
      "timestamp": "2026-03-19 13:02:55",
      "image_path": "calib_dataset/images_01/sample_025.png",
      "pattern_size": [
        6,
        7
      ],
      "square_size_m": 0.03,
      "tcp_pose_rpy": [
        118.763039,
        478.068573,
        86.632172,
        -3.081926,
        0.017004,
        0.472783
      ],
      "tcp_pose_aa": [
        118.763039,
        478.068573,
        86.632172,
        -3.001536,
        -0.722251,
        0.047094
      ],
      "joint_angles": [
        1.383233,
        0.636817,
        -0.038388,
        1.013867,
        0.217229,
        0.349761,
