{
  "meta": {
    "created_at": "2026-03-18 19:03:25",
    "robot_ip": "192.168.1.225",
    "robot_model": "xArm7",
    "pattern_size": [
      6,
      7
    ],
    "square_size_m": 0.03,
    "use_radians": true,
    "angle_unit": "radian",
    "position_unit": "mm",
    "description": "Manually captured hand-eye calibration dataset with live ZED2 checkerboard preview",
    "num_samples": 40
  },
  "samples": [
    {
      "id": 0,
      "timestamp": "2026-03-18 18:48:44",
      "image_path": "calib_dataset/images_01/sample_000.png",
      "pattern_size": [
        6,
        7
      ],
      "square_size_m": 0.03,
      "tcp_pose_rpy": [
        233.750961,
        487.003906,
        200.854034,
        1.247694,
        -1.445976,
        2.443365
      ],
      "tcp_pose_aa": [
        233.750961,
        487.003906,
        200.854034,
        -1.874943,
        -0.652953,
        -2.017177
      ],
      "joint_angles": [
        1.259421,
        0.918278,
        0.011484,
        1.349058,
        0.748329,
        -1.293395,
        -0.413748
      ],
      "R_gripper2base": [
        [
          -0.095362427,
          0.516580558,
          0.85091159
        ],
        [
          0.080034555,
          -0.848061045,
          0.523819563
        ],
        [
          0.992219974,
          0.118055035,
          0.039528864
        ]
      ],
      "t_gripper2base": [
        0.233750961,
        0.487003906,
        0.200854034
      ],
      "R_target2cam": [
        [
          -0.069676903,
          -0.995841166,
          -0.058698397
        ],
        [
          0.824037116,
          -0.024293229,
          -0.566014726
        ],
        [
          0.562234791,
          -0.087807811,
          0.822302759
        ]
      ],
      "t_target2cam": [
        0.199264469,
        -0.288442057,
        0.585658389
      ],
      "reproj_error_px": 0.059574,
      "angle_unit": "radian",
      "position_unit": "mm"
    },
    {
      "id": 1,
      "timestamp": "2026-03-18 18:49:07",
      "image_path": "calib_dataset/images_01/sample_001.png",
      "pattern_size": [
        6,
        7
      ],
      "square_size_m": 0.03,
      "tcp_pose_rpy": [
        233.750961,
        487.003906,
        200.854034,
        1.485299,
        -1.089523,
        2.198431
      ],
      "tcp_pose_aa": [
        233.750961,
        487.003906,
        200.854034,
        -1.863182,
        -1.0564,
        -2.226789
      ],
      "joint_angles": [
        1.259421,
        0.918278,
        0.011484,
        1.349058,
        0.748329,
        -1.293395,
        -0.775097
      ],
      "R_gripper2base": [
        [
          -0.271834229,
          0.449506264,
          0.850911436
        ],
        [
          0.374686166,
          -0.764998755,
          0.523819799
        ],
        [
          0.88640647,
          0.461216894,
          0.039529068
        ]
      ],
      "t_gripper2base": [
        0.233750961,
        0.487003906,
        0.200854034
      ],
      "R_target2cam": [
        [
          -0.416559007,
          -0.90746967,
          -0.054565475
        ],
        [
          0.760237332,
          -0.314804427,
          -0.568275789
        ],
        [
          0.498515589,
          -0.278203109,
          0.82102694
        ]
      ],
      "t_target2cam": [
        0.26743701,
        -0.248337177,
        0.616644667
      ],
      "reproj_error_px": 0.058104,
      "angle_unit": "radian",
      "position_unit": "mm"
    },
    {
      "id": 2,
      "timestamp": "2026-03-18 18:49:17",
      "image_path": "calib_dataset/images_01/sample_002.png",
      "pattern_size": [
        6,
        7
      ],
      "square_size_m": 0.03,
      "tcp_pose_rpy": [
        233.750961,
        487.003906,
        200.854034,
        -1.445331,
        -1.249404,
        -1.13809
      ],
      "tcp_pose_aa": [
        233.750961,
        487.003906,
        200.854034,
        -1.823365,
        -0.213181,
        -1.731641
      ],
      "joint_angles": [
        1.259421,
        0.918278,
        0.011484,
        1.349058,
        0.748329,
        -1.293395,
        0.02371
      ],
      "R_gripper2base": [
        [
          0.132460827,
          0.508334153,
          0.850911581
        ],
        [
          -0.286773446,
          -0.802106015,
          0.52381956
        ],
        [
          0.948796669,
          -0.313404419,
          0.03952911
        ]
      ],
      "t_gripper2base": [
        0.233750961,
        0.487003906,
        0.200854034
      ],
      "R_target2cam": [
        [
          0.358713155,
          -0.931425933,
          -0.061405242
        ],
        [
          0.757928281,
          0.329030097,
          -0.563279608
        ],
        [
          0.544857407,
          0.155515035,
          0.82398148
        ]
      ],
      "t_target2cam": [
        0.099257197,
        -0.305550086,
        0.567475757
      ],
      "reproj_error_px": 0.068903,
      "angle_unit": "radian",
      "position_unit": "mm"
    },
    {
      "id": 3,
      "timestamp": "2026-03-18 18:49:32",
      "image_path": "calib_dataset/images_01/sample_003.png",
      "pattern_size": [
        6,
        7
      ],
      "square_size_m": 0.03,
      "tcp_pose_rpy": [
        247.023148,
        509.756531,
        160.922134,
        -3.05508,
        -1.235841,
        0.577811
      ],
      "tcp_pose_aa": [
        247.023148,
        509.756531,
        160.922134,
        -2.163553,
        -0.716164,
        -1.5239
      ],
      "joint_angles": [
        1.259421,
        0.918278,
        0.011484,
        1.349058,
        0.748329,
        -0.902714,
        -0.282811
      ],
      "R_gripper2base": [
        [
          0.27536082,
          0.612504647,
          0.74095511
        ],
        [
          0.179547799,
          -0.789956523,
          0.586286006
        ],
        [
          0.944425225,
          -0.028403336,
          -0.327496937
        ]
      ],
      "t_gripper2base": [
        0.247023148,
        0.509756531,
        0.160922134
      ],
      "R_target2cam": [
        [
          0.017664966,
          -0.984324267,
          -0.175481299
        ],
        [
          0.553824201,
          0.155757273,
          -0.817935466
        ],
        [
          0.832446216,
          -0.082736988,
          0.547894048
        ]
      ],
      "t_target2cam": [
        0.193720576,
        -0.199658268,
        0.531552846
      ],
      "reproj_error_px": 0.09801,
      "angle_unit": "radian",
      "position_unit": "mm"
    },
    {
      "id": 4,
      "timestamp": "2026-03-18 18:50:41",
      "image_path": "calib_dataset/images_01/sample_004.png",
      "pattern_size": [
        6,
        7
      ],
      "square_size_m": 0.03,
      "tcp_pose_rpy": [
        464.601257,
        509.543457,
        238.374847,
        -0.600233,
        -1.425604,
        -1.602284
      ],
      "tcp_pose_aa": [
        464.601257,
        509.543457,
        238.374847,
        -1.554753,
        -0.705278,
        -1.681518
      ],
      "joint_angles": [
        0.673596,
        1.241119,
        0.295849,
        2.072416,
        -0.260029,
        -0.814601,
        1.5e-05
      ],
      "R_gripper2base": [
        [
          -0.004554971,
          0.807199459,
          0.590261201
        ],
        [
          -0.144610395,
          -0.584594412,
          0.79833402
        ],
        [
          0.989478189,
          -0.081721517,
          0.119392243
        ]
      ],
      "t_gripper2base": [
        0.464601257,
        0.509543457,
        0.238374847
      ],
      "R_target2cam": [
        [
          0.158674699,
          -0.888650213,
          -0.430259386
        ],
        [
          0.825308623,
          0.358572154,
          -0.436224354
        ],
        [
          0.5419299,
          -0.285879013,
          0.790307012
        ]
      ],
      "t_target2cam": [
        0.047890047,
        -0.223575585,
        0.416471157
      ],
      "reproj_error_px": 0.06586,
      "angle_unit": "radian",
      "position_unit": "mm"
    },
    {
      "id": 5,
      "timestamp": "2026-03-18 18:50:52",
      "image_path": "calib_dataset/images_01/sample_005.png",
      "pattern_size": [
        6,
        7
      ],
      "square_size_m": 0.03,
      "tcp_pose_rpy": [
        464.601257,
        509.543457,
        238.374847,
        1.259066,
        -1.170954,
        2.793468
      ],
      "tcp_pose_aa": [
        464.601257,
        509.543457,
        238.374847,
        -1.464321,
        -1.13245,
        -2.008164
      ],
      "joint_angles": [
        0.673596,
        1.241119,
        0.295849,
        2.072416,
        -0.260029,
        -0.814601,
        -0.464824
      ],
      "R_gripper2base": [
        [
          -0.365922208,
          0.719508814,
          0.590260963
        ],
        [
          0.132795102,
          -0.587390786,
          0.798334219
        ],
        [
          0.921122358,
          0.370511985,
          0.119392087
        ]
      ],
      "t_gripper2base": [
        0.464601257,
        0.509543457,
        0.238374847
      ],
      "R_target2cam": [
        [
          -0.256663705,
          -0.866679731,
          -0.427773289
        ],
        [
          0.898192343,
          -0.050451909,
          -0.436697973
        ],
        [
          0.356895302,
          -0.496307213,
          0.791394272
        ]
      ],
      "t_target2cam": [
        0.137318801,
        -0.20270255,
        0.476067137
      ],
      "reproj_error_px": 0.083637,
      "angle_unit": "radian",
      "position_unit": "mm"
    },
    {
      "id": 6,
      "timestamp": "2026-03-18 18:51:01",
      "image_path": "calib_dataset/images_01/sample_006.png",
      "pattern_size": [
        6,
        7
      ],
      "square_size_m": 0.03,
      "tcp_pose_rpy": [
        464.601257,
        509.543457,
        238.374847,
        -1.339975,
        -1.021753,
        -0.834507
      ],
      "tcp_pose_aa": [
        464.601257,
        509.543457,
        238.374847,
        -1.57183,
        -0.316159,
        -1.3402
      ],
      "joint_angles": [
        0.673596,
        1.241119,
        0.295849,
        2.072416,
        -0.260029,
        -0.814601,
        0.454763
      ],
      "R_gripper2base": [
        [
          0.350459057,
          0.727165954,
          0.590261065
        ],
        [
          -0.386688689,
          -0.461664901,
          0.798334126
        ],
        [
          0.853024212,
          -0.508030703,
          0.119392204
        ]
      ],
      "t_gripper2base": [
        0.464601257,
        0.509543457,
        0.238374847
      ],
      "R_target2cam": [
        [
          0.533425492,
          -0.727563036,
          -0.43140384
        ],
        [
          0.583291524,
          0.685765697,
          -0.435311851
        ],
        [
          0.612558767,
          -0.019427765,
          0.790186256
        ]
      ],
      "t_target2cam": [
        -0.049041526,
        -0.199889113,
        0.377085585
      ],
      "reproj_error_px": 0.056792,
      "angle_unit": "radian",
      "position_unit": "mm"
    },
    {
      "id": 7,
      "timestamp": "2026-03-18 18:51:13",
      "image_path": "calib_dataset/images_01/sample_007.png",
      "pattern_size": [
        6,
        7
      ],
      "square_size_m": 0.03,
      "tcp_pose_rpy": [
        464.601257,
        509.543457,
        238.374847,
        -0.348782,
        -1.443411,
        -1.856054
      ],
      "tcp_pose_aa": [
        464.601257,
        509.543457,
        238.374847,
        -1.550222,
        -0.739679,
        -1.709668
      ],
      "joint_angles": [
        0.673596,
        1.241119,
        0.295849,
        2.072416,
        -0.260029,
        -0.814601,
        -0.038645
      ],
      "R_gripper2base": [
        [
          -0.035749978,
          0.806420537,
          0.590260838
        ],
        [
          -0.12190799,
          -0.589746449,
          0.798334245
        ],
        [
          0.991897364,
          -0.043417081,
          0.11939253
        ]
      ],
      "t_gripper2base": [
        0.464601257,
        0.509543457,
        0.238374847
      ],
      "R_target2cam": [
        [
          0.12434256,
          -0.894065252,
          -0.430332723
        ],
        [
          0.838629583,
          0.326492752,
          -0.43600792
        ],
        [
          0.530320046,
          -0.306675411,
          0.790386514
        ]
      ],
      "t_target2cam": [
        0.055866158,
        -0.223603868,
        0.420841044
      ],
      "reproj_error_px": 0.057458,
      "angle_unit": "radian",
      "position_unit": "mm"
    },
    {
      "id": 8,
      "timestamp": "2026-03-18 18:51:23",
      "image_path": "calib_dataset/images_01/sample_008.png",
      "pattern_size": [
        6,
        7
      ],
      "square_size_m": 0.03,
      "tcp_pose_rpy": [
        441.801422,
        474.222992,
        265.841553,
        -0.095753,
        -1.039594,
        -2.134547
      ],
      "tcp_pose_aa": [
        441.801422,
        474.222992,
        265.841553,
        -1.151377,
        -0.514168,
        -1.95222
      ],
      "joint_angles": [
        0.673596,
        1.241119,
        0.295849,
        2.072416,
        -0.260029,
        -1.224993,
        -0.038645
      ],
      "R_gripper2base": [
        [
          -0.270690591,
          0.797336705,
          0.539426346
        ],
        [
          -0.428182234,
          -0.601588342,
          0.674352609
        ],
        [
          0.862198688,
          -0.048431872,
          0.504249715
        ]
      ],
      "t_gripper2base": [
        0.441801422,
        0.474222992,
        0.265841553
      ],
      "R_target2cam": [
        [
          0.282440358,
          -0.897416041,
          -0.338927565
        ],
        [
          0.944273906,
          0.322348392,
          -0.0666206
        ],
        [
          0.16903915,
          -0.30122411,
          0.938450745
        ]
      ],
      "t_target2cam": [
        0.000441788,
        -0.29089915,
        0.513272763
      ],
      "reproj_error_px": 0.058428,
      "angle_unit": "radian",
      "position_unit": "mm"
    },
    {
      "id": 9,
      "timestamp": "2026-03-18 18:51:34",
      "image_path": "calib_dataset/images_01/sample_009.png",
      "pattern_size": [
        6,
        7
      ],
      "square_size_m": 0.03,
      "tcp_pose_rpy": [
        475.697083,
        529.141052,
        207.776001,
        -2.912209,
        -1.376825,
        0.726051
      ],
      "tcp_pose_aa": [
        475.697083,
        529.141052,
        207.776001,
        -1.829073,
        -0.900553,
        -1.477889
      ],
      "joint_angles": [
        0.673596,
        1.241119,
        0.295849,
        2.072416,
        -0.260029,
        -0.50505,
        -0.038645
      ],
      "R_gripper2base": [
        [
          0.144144322,
          0.813375926,
          0.56359739
        ],
        [
          0.12797605,
          -0.580085053,
          0.804439844
        ],
        [
          0.981246424,
          -0.043828468,
          -0.187708605
        ]
      ],
      "t_gripper2base": [
        0.475697083,
        0.529141052,
        0.207776001
      ],
      "R_target2cam": [
        [
          -0.012390396,
          -0.891796472,
          -0.452267101
        ],
        [
          0.664332869,
          0.33070473,
          -0.670295622
        ],
        [
          0.74733414,
          -0.308761129,
          0.588352146
        ]
      ],
      "t_target2cam": [
        0.098243357,
        -0.14951578,
        0.376552521
      ],
      "reproj_error_px": 0.117709,
      "angle_unit": "radian",
      "position_unit": "mm"
    },
    {
      "id": 10,
      "timestamp": "2026-03-18 18:52:05",
      "image_path": "calib_dataset/images_01/sample_010.png",
      "pattern_size": [
        6,
        7
      ],
      "square_size_m": 0.03,
      "tcp_pose_rpy": [
        473.953339,
        509.653137,
        238.247147,
        -0.352686,
        -1.444789,
        -2.354415
      ],
      "tcp_pose_aa": [
        473.953339,
        509.653137,
        238.247147,
        -1.845262,
        -0.362708,
        -2.057551
      ],
      "joint_angles": [
        0.951117,
        1.4073,
        -0.032432,
        2.475597,
        0.771032,
        -0.783234,
        -0.589348
      ],
      "R_gripper2base": [
        [
          -0.08870633,
          0.422883311,
          0.901831964
        ],
        [
          -0.089023315,
          -0.905143757,
          0.415679719
        ],
        [
          0.992071588,
          -0.043410649,
          0.117938455
        ]
      ],
      "t_gripper2base": [
        0.473953339,
        0.509653137,
        0.238247147
      ],
      "R_target2cam": [
        [
          0.070745472,
          -0.995847791,
          0.057290978
        ],
        [
          0.869619445,
          0.033439587,
          -0.492588891
        ],
        [
          0.488627772,
          0.084669782,
          0.868374302
        ]
      ],
      "t_target2cam": [
        0.073197429,
        -0.199253932,
        0.388080606
      ],
      "reproj_error_px": 0.059788,
      "angle_unit": "radian",
      "position_unit": "mm"
    },
    {
      "id": 11,
      "timestamp": "2026-03-18 18:52:38",
      "image_path": "calib_dataset/images_01/sample_011.png",
      "pattern_size": [
        6,
        7
      ],
      "square_size_m": 0.03,
      "tcp_pose_rpy": [
        175.09642,
        570.958679,
        211.232681,
        -0.352686,
        -1.444789,
        -2.354415
      ],
      "tcp_pose_aa": [
        175.09642,
        570.958679,
        211.232681,
        -1.845262,
        -0.362708,
        -2.057551
      ],
      "joint_angles": [
        1.336404,
        1.170736,
        0.18442,
        1.928921,
        0.940188,
        -1.369177,
        -0.670578
      ],
      "R_gripper2base": [
        [
          -0.08870633,
          0.422883311,
          0.901831964
        ],
        [
          -0.089023315,
          -0.905143757,
          0.415679719
        ],
        [
          0.992071588,
          -0.043410649,
          0.117938455
        ]
      ],
      "t_gripper2base": [
        0.17509642,
        0.570958679,
        0.211232681
      ],
      "R_target2cam": [
        [
          0.078739824,
          -0.994625151,
          0.067237257
        ],
        [
          0.866910267,
          0.035015997,
          -0.497232811
        ],
        [
          0.492205881,
          0.097440692,
          0.865007909
        ]
      ],
      "t_target2cam": [
        0.266913711,
        -0.318605226,
        0.586062763
      ],
      "reproj_error_px": 0.053682,
      "angle_unit": "radian",
      "position_unit": "mm"
    },
    {
      "id": 12,
      "timestamp": "2026-03-18 18:52:51",
      "image_path": "calib_dataset/images_01/sample_012.png",
      "pattern_size": [
        6,
        7
      ],
      "square_size_m": 0.03,
      "tcp_pose_rpy": [
        175.09642,
        570.958679,
        211.232681,
        -0.352686,
        -1.444789,
        -1.877847
      ],
      "tcp_pose_aa": [
        175.09642,
        570.958679,
        211.232681,
        -1.567451,
        -0.72337,
        -1.727342
      ],
      "joint_angles": [
        1.255805,
        1.029961,
        0.168382,
        1.592858,
        0.435028,
        -1.22757,
        -0.32193
      ],
      "R_gripper2base": [
        [
          -0.037984815,
          0.790981707,
          0.610659556
        ],
        [
          -0.119795768,
          -0.610297889,
          0.783061594
        ],
        [
          0.992071634,
          -0.043409981,
          0.117938313
        ]
      ],
      "t_gripper2base": [
        0.17509642,
        0.570958679,
        0.211232681
      ],
      "R_target2cam": [
        [
          0.130273927,
          -0.90810704,
          -0.397957671
        ],
        [
          0.837755128,
          0.315491272,
          -0.445681055
        ],
        [
          0.530278276,
          -0.275330458,
          0.801871616
        ]
      ],
      "t_target2cam": [
        0.248652757,
        -0.337957979,
        0.611252784
      ],
      "reproj_error_px": 0.08827,
      "angle_unit": "radian",
      "position_unit": "mm"
    },
    {
      "id": 13,
      "timestamp": "2026-03-18 18:53:01",
      "image_path": "calib_dataset/images_01/sample_013.png",
      "pattern_size": [
        6,
        7
      ],
      "square_size_m": 0.03,
      "tcp_pose_rpy": [
        175.09642,
        570.958679,
        211.232681,
        -0.352686,
        -1.444789,
        -2.471771
      ],
      "tcp_pose_aa": [
        175.09642,
        570.958679,
        211.232681,
        -1.908406,
        -0.260007,
        -2.133625
      ],
      "joint_angles": [
        1.347797,
        1.22778,
        0.192845,
        2.057872,
        1.032118,
        -1.420017,
        -0.766021
      ],
      "R_gripper2base": [
        [
          -0.098519782,
          0.313994001,
          0.944299539
        ],
        [
          -0.07802468,
          -0.948432012,
          0.307227713
        ],
        [
          0.992071571,
          -0.043410662,
          0.117938596
        ]
      ],
      "t_gripper2base": [
        0.17509642,
        0.570958679,
        0.211232681
      ],
      "R_target2cam": [
        [
          0.062905959,
          -0.981152059,
          0.18271146
        ],
        [
          0.871860902,
          -0.035069627,
          -0.488496354
        ],
        [
          0.485696827,
          0.19002831,
          0.853222031
        ]
      ],
      "t_target2cam": [
        0.26881904,
        -0.313292278,
        0.579259818
      ],
      "reproj_error_px": 0.049912,
      "angle_unit": "radian",
      "position_unit": "mm"
    },
    {
      "id": 14,
      "timestamp": "2026-03-18 18:53:23",
      "image_path": "calib_dataset/images_01/sample_014.png",
      "pattern_size": [
        6,
        7
      ],
      "square_size_m": 0.03,
      "tcp_pose_rpy": [
        188.662689,
        622.515869,
        171.766434,
        -2.823363,
        -1.272237,
        0.387764
      ],
      "tcp_pose_aa": [
        188.662689,
        622.515869,
        171.766434,
        -2.085457,
        -0.672273,
        -1.509587
      ],
      "joint_angles": [
        1.340868,
        1.219226,
        0.211521,
        2.049304,
        1.046772,
        -0.863082,
        -0.766517
      ],
      "R_gripper2base": [
        [
          0.272305259,
          0.635976218,
          0.722069315
        ],
        [
          0.111221655,
          -0.766201142,
          0.632902483
        ],
        [
          0.955761262,
          -0.09203293,
          -0.279374928
        ]
      ],
      "t_gripper2base": [
        0.188662689,
        0.622515869,
        0.171766434
      ],
      "R_target2cam": [
        [
          0.073531546,
          -0.973653069,
          -0.215853686
        ],
        [
          0.587130868,
          0.217219116,
          -0.779803308
        ],
        [
          0.806145431,
          -0.069394219,
          0.587634229
        ]
      ],
      "t_target2cam": [
        0.305644905,
        -0.220041172,
        0.525710092
      ],
      "reproj_error_px": 0.140256,
      "angle_unit": "radian",
      "position_unit": "mm"
    },
    {
      "id": 15,
      "timestamp": "2026-03-18 18:54:18",
      "image_path": "calib_dataset/images_01/sample_015.png",
      "pattern_size": [
        6,
        7
      ],
      "square_size_m": 0.03,
      "tcp_pose_rpy": [
        -75.768822,
        596.790527,
        205.426132,
        -0.996911,
        -1.432509,
        -1.450089
      ],
      "tcp_pose_aa": [
        -75.768822,
        596.790527,
        205.426132,
        -1.742278,
        -0.514113,
        -1.800904
      ],
      "joint_angles": [
        1.759813,
        1.286569,
        0.251358,
        2.171587,
        1.058232,
        -1.427931,
        -0.776518
      ],
      "R_gripper2base": [
        [
          0.016598871,
          0.639106838,
          0.768938832
        ],
        [
          -0.136844386,
          -0.760355929,
          0.634927142
        ],
        [
          0.990453478,
          -0.115764036,
          0.074837133
        ]
      ],
      "t_gripper2base": [
        -0.075768822,
        0.596790527,
        0.205426132
      ],
      "R_target2cam": [
        [
          0.173494188,
          -0.96743299,
          -0.184318138
        ],
        [
          0.815707622,
          0.246030226,
          -0.523536248
        ],
        [
          0.551834072,
          -0.059519214,
          0.831827278
        ]
      ],
      "t_target2cam": [
        0.38680635,
        -0.447665713,
        0.755330804
      ],
      "reproj_error_px": 0.091749,
      "angle_unit": "radian",
      "position_unit": "mm"
    },
    {
      "id": 16,
      "timestamp": "2026-03-18 18:54:31",
      "image_path": "calib_dataset/images_01/sample_016.png",
      "pattern_size": [
        6,
        7
      ],
      "square_size_m": 0.03,
      "tcp_pose_rpy": [
        -81.00988,
        644.714905,
        173.231018,
        -2.57677,
        -1.309549,
        0.478596
      ],
      "tcp_pose_aa": [
        -81.00988,
        644.714905,
        173.231018,
        -1.809843,
        -0.893303,
        -1.333912
      ],
      "joint_angles": [
        1.759255,
        1.288647,
        0.251469,
        2.171592,
        1.058232,
        -0.957877,
        -0.776518
      ],
      "R_gripper2base": [
        [
          0.229265515,
          0.848008272,
          0.477827682
        ],
        [
          0.118949647,
          -0.511633147,
          0.850930375
        ],
        [
          0.966068479,
          -0.138251556,
          -0.218170122
        ]
      ],
      "t_gripper2base": [
        -0.08100988,
        0.644714905,
        0.173231018
      ],
      "R_target2cam": [
        [
          0.046326405,
          -0.85063115,
          -0.523717968
        ],
        [
          0.60936098,
          0.439499009,
          -0.659939253
        ],
        [
          0.791538414,
          -0.288560681,
          0.53870184
        ]
      ],
      "t_target2cam": [
        0.449707787,
        -0.383143218,
        0.727497176
      ],
      "reproj_error_px": 0.187915,
      "angle_unit": "radian",
      "position_unit": "mm"
    },
    {
      "id": 17,
      "timestamp": "2026-03-18 18:54:42",
      "image_path": "calib_dataset/images_01/sample_017.png",
      "pattern_size": [
        6,
        7
      ],
      "square_size_m": 0.03,
      "tcp_pose_rpy": [
        -103.347794,
        630.200684,
        239.723846,
        0.12594,
        -1.267292,
        -2.188027
      ],
      "tcp_pose_aa": [
        -103.347794,
        630.200684,
        239.723846,
        -1.267978,
        -0.799192,
        -1.762651
      ],
      "joint_angles": [
        1.759618,
        1.286415,
        0.249577,
        2.193081,
        0.62323,
        -1.279683,
        -0.776518
      ],
      "R_gripper2base": [
        [
          -0.172977497,
          0.8784019,
          0.445520917
        ],
        [
          -0.243720537,
          -0.476446076,
          0.84474815
        ],
        [
          0.954295073,
          0.037539823,
          0.296499032
        ]
      ],
      "t_gripper2base": [
        -0.103347794,
        0.630200684,
        0.239723846
      ],
      "R_target2cam": [
        [
          0.172413658,
          -0.833877089,
          -0.524330555
        ],
        [
          0.914972195,
          0.332728468,
          -0.2282929
        ],
        [
          0.364827921,
          -0.440387065,
          0.820341283
        ]
      ],
      "t_target2cam": [
        0.417917473,
        -0.510574231,
        0.817245933
      ],
      "reproj_error_px": 0.080404,
      "angle_unit": "radian",
      "position_unit": "mm"
    },
    {
      "id": 18,
      "timestamp": "2026-03-18 18:54:53",
      "image_path": "calib_dataset/images_01/sample_018.png",
      "pattern_size": [
        6,
        7
      ],
      "square_size_m": 0.03,
      "tcp_pose_rpy": [
        -64.46769,
        621.067383,
        236.642136,
        -2.189768,
        -0.957833,
        -0.299002
      ],
      "tcp_pose_aa": [
        -64.46769,
        621.067383,
        236.642136,
        -2.111152,
        -0.237438,
        -1.211256
      ],
      "joint_angles": [
        1.630547,
        1.286358,
        0.666781,
        2.348956,
        1.152867,
        -1.279674,
        -0.776518
      ],
      "R_gripper2base": [
        [
          0.549769164,
          0.465732162,
          0.693431626
        ],
        [
          -0.169462352,
          -0.750694386,
          0.638545574
        ],
        [
          0.817946439,
          -0.46856322,
          -0.333784557
        ]
      ],
      "t_gripper2base": [
        -0.06446769,
        0.621067383,
        0.236642136
      ],
      "R_target2cam": [
        [
          0.452818558,
          -0.862532588,
          -0.22581605
        ],
        [
          0.402581107,
          0.423774865,
          -0.811383581
        ],
        [
          0.795539946,
          0.276500268,
          0.539132448
        ]
      ],
      "t_target2cam": [
        0.330587892,
        -0.382996069,
        0.634390495
      ],
      "reproj_error_px": 0.095114,
      "angle_unit": "radian",
      "position_unit": "mm"
    },
    {
      "id": 19,
      "timestamp": "2026-03-18 18:55:02",
      "image_path": "calib_dataset/images_01/sample_019.png",
      "pattern_size": [
        6,
        7
      ],
      "square_size_m": 0.03,
      "tcp_pose_rpy": [
        -48.75024,
        597.5354,
        89.866776,
        -2.613672,
        -1.003399,
        0.031421
      ],
      "tcp_pose_aa": [
        -48.75024,
        597.5354,
        89.866776,
        -2.315591,
        -0.380542,
        -1.263236
      ],
      "joint_angles": [
        1.607129,
        1.525185,
        0.665401,
        2.348791,
        1.152754,
        -1.279674,
        -0.776518
      ],
      "R_gripper2base": [
        [
          0.537174316,
          0.451733118,
          0.712306777
        ],
        [
          0.016884438,
          -0.850084164,
          0.526376129
        ],
        [
          0.843302241,
          -0.270728838,
          -0.46427064
        ]
      ],
      "t_gripper2base": [
        -0.04875024,
        0.5975354,
        0.089866776
      ],
      "R_target2cam": [
        [
          0.284122353,
          -0.950741535,
          -0.123955726
        ],
        [
          0.384308469,
          0.231372042,
          -0.893741561
        ],
        [
          0.878397114,
          0.20629472,
          0.431115993
        ]
      ],
      "t_target2cam": [
        0.34878489,
        -0.242687512,
        0.708814457
      ],
      "reproj_error_px": 0.087143,
      "angle_unit": "radian",
      "position_unit": "mm"
    },
    {
      "id": 20,
      "timestamp": "2026-03-18 18:55:13",
      "image_path": "calib_dataset/images_01/sample_020.png",
      "pattern_size": [
        6,
        7
      ],
      "square_size_m": 0.03,
      "tcp_pose_rpy": [
        2.517654,
        628.093872,
        118.684235,
        0.590307,
        -1.259421,
        -2.770464
      ],
      "tcp_pose_aa": [
        2.517654,
        628.093872,
        118.684235,
        -1.347437,
        -0.884432,
        -1.922879
      ],
      "joint_angles": [
        1.608856,
        1.566469,
        0.224174,
        2.348013,
        0.543505,
        -1.279852,
        -0.776518
      ],
      "R_gripper2base": [
        [
          -0.285510589,
          0.795070517,
          0.53511361
        ],
        [
          -0.111109691,
          -0.582050189,
          0.805526048
        ],
        [
          0.95191299,
          0.170529909,
          0.254521532
        ]
      ],
      "t_gripper2base": [
        0.002517654,
        0.628093872,
        0.118684235
      ],
      "R_target2cam": [
        [
          0.003122024,
          -0.892398663,
          -0.451237055
        ],
        [
          0.941714048,
          0.154421314,
          -0.298879089
        ],
        [
          0.336399918,
          -0.424003166,
          0.840866464
        ]
      ],
      "t_target2cam": [
        0.409229343,
        -0.348405849,
        0.82264836
      ],
      "reproj_error_px": 0.078993,
      "angle_unit": "radian",
      "position_unit": "mm"
    },
    {
      "id": 21,
      "timestamp": "2026-03-18 18:55:29",
      "image_path": "calib_dataset/images_01/sample_021.png",
      "pattern_size": [
        6,
        7
      ],
      "square_size_m": 0.03,
      "tcp_pose_rpy": [
        13.416221,
        643.214722,
        187.288742,
        -1.403154,
        -1.238901,
        -0.979502
      ],
      "tcp_pose_aa": [
        13.416221,
        643.214722,
        187.288742,
        -1.722925,
        -0.369367,
        -1.597063
      ],
      "joint_angles": [
        1.594822,
        1.548245,
        0.578056,
        2.609485,
        0.700071,
        -1.214993,
        -0.772716
      ],
      "R_gripper2base": [
        [
          0.181632179,
          0.658155049,
          0.730644703
        ],
        [
          -0.27051511,
          -0.680895857,
          0.680589749
        ],
        [
          0.945426532,
          -0.321267432,
          0.054368288
        ]
      ],
      "t_gripper2base": [
        0.013416221,
        0.643214722,
        0.187288742
      ],
      "R_target2cam": [
        [
          0.364836107,
          -0.898741918,
          -0.243223313
        ],
        [
          0.727851213,
          0.438207364,
          -0.527453238
        ],
        [
          0.580626581,
          0.015403603,
          0.814024264
        ]
      ],
      "t_target2cam": [
        0.336156333,
        -0.370490643,
        0.673177518
      ],
      "reproj_error_px": 0.082748,
      "angle_unit": "radian",
      "position_unit": "mm"
    },
    {
      "id": 22,
      "timestamp": "2026-03-18 18:57:08",
      "image_path": "calib_dataset/images_01/sample_022.png",
      "pattern_size": [
        6,
        7
      ],
      "square_size_m": 0.03,
      "tcp_pose_rpy": [
        -26.132677,
        601.437744,
        252.066788,
        -1.678103,
        -0.78699,
        -1.04537
      ],
      "tcp_pose_aa": [
        -26.132677,
        601.437744,
        252.066788,
        -1.836333,
        0.307323,
        -1.409677
      ],
      "joint_angles": [
        1.760871,
        1.559945,
        0.877053,
        2.974486,
        0.751757,
        -1.434096,
        -0.70337
      ],
      "R_gripper2base": [
        [
          0.354106872,
          0.260538359,
          0.898180431
        ],
        [
          -0.610751334,
          -0.662893598,
          0.433076073
        ],
        [
          0.708230987,
          -0.70192011,
          -0.075611028
        ]
      ],
      "t_gripper2base": [
        -0.026132677,
        0.601437744,
        0.252066788
      ],
      "R_target2cam": [
        [
          0.735219644,
          -0.675421964,
          0.057072287
        ],
        [
          0.539021935,
          0.531532323,
          -0.653397845
        ],
        [
          0.41098349,
          0.511154145,
          0.754860259
        ]
      ],
      "t_target2cam": [
        0.21467078,
        -0.420766783,
        0.670737097
      ],
      "reproj_error_px": 0.04642,
      "angle_unit": "radian",
      "position_unit": "mm"
    },
    {
      "id": 23,
      "timestamp": "2026-03-18 18:57:32",
      "image_path": "calib_dataset/images_01/sample_023.png",
      "pattern_size": [
        6,
        7
      ],
      "square_size_m": 0.03,
      "tcp_pose_rpy": [
        -26.132677,
        601.437744,
        252.066788,
        -2.53084,
        -1.478368,
        -0.163482
      ],
      "tcp_pose_aa": [
        -26.132677,
        601.437744,
        252.066788,
        -2.044062,
        -0.410283,
        -1.872071
      ],
      "joint_angles": [
        1.760871,
        1.559945,
        0.877053,
        2.974486,
        0.751757,
        -1.434096,
        -1.431185
      ],
      "R_gripper2base": [
        [
          0.091066285,
          0.430091611,
          0.898180459
        ],
        [
          -0.015021942,
          -0.901232218,
          0.43307601
        ],
        [
          0.995731527,
          -0.052931038,
          -0.075611059
        ]
      ],
      "t_gripper2base": [
        -0.026132677,
        0.601437744,
        0.252066788
      ],
      "R_target2cam": [
        [
          0.099172245,
          -0.993102541,
          0.062547657
        ],
        [
          0.756834557,
          0.034470076,
          -0.652696919
        ],
        [
          0.646038946,
          0.112067647,
          0.755032796
        ]
      ],
      "t_target2cam": [
        0.383302331,
        -0.423966226,
        0.65552866
      ],
      "reproj_error_px": 0.107734,
      "angle_unit": "radian",
      "position_unit": "mm"
    },
    {
      "id": 24,
      "timestamp": "2026-03-18 18:58:11",
      "image_path": "calib_dataset/images_01/sample_024.png",
      "pattern_size": [
        6,
        7
      ],
      "square_size_m": 0.03,
      "tcp_pose_rpy": [
        -153.824661,
        494.969421,
        228.928497,
        -2.53084,
        -1.478368,
        -0.163481
      ],
      "tcp_pose_aa": [
        -153.824661,
        494.969421,
        228.928497,
        -2.044062,
        -0.410284,
        -1.872071
      ],
      "joint_angles": [
        2.314757,
        1.754841,
        1.09968,
        3.606438,
        0.582442,
        -1.457454,
        -1.563119
      ],
      "R_gripper2base": [
        [
          0.091066154,
          0.430091997,
          0.898180288
        ],
        [
          -0.015021349,
          -0.901232067,
          0.433076344
        ],
        [
          0.995731547,
          -0.052930476,
          -0.075611177
        ]
      ],
      "t_gripper2base": [
        -0.153824661,
        0.494969421,
        0.228928497
      ],
      "R_target2cam": [
        [
          0.10253059,
          -0.992696793,
          0.063565357
        ],
        [
          0.752410036,
          0.035596008,
          -0.657732516
        ],
        [
          0.650666286,
          0.115264916,
          0.750564709
        ]
      ],
      "t_target2cam": [
        0.350090157,
        -0.503532589,
        0.798553569
      ],
      "reproj_error_px": 0.06926,
      "angle_unit": "radian",
      "position_unit": "mm"
    },
    {
      "id": 25,
      "timestamp": "2026-03-18 18:58:47",
      "image_path": "calib_dataset/images_01/sample_025.png",
      "pattern_size": [
        6,
        7
      ],
      "square_size_m": 0.03,
      "tcp_pose_rpy": [
        -153.824509,
        446.783844,
        211.091278,
        -2.530841,
        -1.478368,
        -0.16348
      ],
      "tcp_pose_aa": [
        -153.824509,
        446.783844,
        211.091278,
        -2.044062,
        -0.410284,
        -1.872071
      ],
      "joint_angles": [
        2.524009,
        1.773932,
