{
  "meta": {
    "created_at": "2026-03-18 12:56:58",
    "robot_ip": "192.168.1.225",
    "robot_model": "xArm7",
    "pattern_size": [
      6,
      7
    ],
    "square_size_m": 0.03,
    "use_radians": true,
    "angle_unit": "radian",
    "position_unit": "mm",
    "description": "Manually captured hand-eye calibration dataset with live ZED2 checkerboard preview",
    "num_samples": 30
  },
  "samples": [
    {
      "id": 0,
      "timestamp": "2026-03-18 12:47:17",
      "image_path": "calib_dataset/images/sample_000.png",
      "pattern_size": [
        6,
        7
      ],
      "square_size_m": 0.03,
      "tcp_pose_rpy": [
        468.003876,
        404.284698,
        337.096619,
        0.669983,
        -1.384134,
        -3.105749
      ],
      "tcp_pose_aa": [
        468.003876,
        404.284698,
        337.096619,
        -1.651538,
        -0.728751,
        -1.997377
      ],
      "joint_angles": [
        0.698425,
        0.765635,
        0.020699,
        1.528207,
        -0.003799,
        -0.954073,
        -0.12859
      ],
      "R_gripper2base": [
        [
          -0.185461183,
          0.637883443,
          0.747468302
        ],
        [
          -0.006650481,
          -0.761461996,
          0.648175439
        ],
        [
          0.982629086,
          0.11524036,
          0.145463874
        ]
      ],
      "t_gripper2base": [
        0.468003876,
        0.404284698,
        0.337096619
      ],
      "R_target2cam": [
        [
          -0.000744331,
          -0.848658249,
          -0.528941039
        ],
        [
          0.940218288,
          0.179548478,
          -0.289399233
        ],
        [
          0.340571604,
          -0.497535447,
          0.797790362
        ]
      ],
      "t_target2cam": [
        -0.173430445,
        -0.200525915,
        0.432285683
      ],
      "reproj_error_px": 0.074031,
      "angle_unit": "radian",
      "position_unit": "mm"
    },
    {
      "id": 1,
      "timestamp": "2026-03-18 12:47:29",
      "image_path": "calib_dataset/images/sample_001.png",
      "pattern_size": [
        6,
        7
      ],
      "square_size_m": 0.03,
      "tcp_pose_rpy": [
        448.804291,
        386.51474,
        356.110413,
        0.261144,
        -1.14648,
        -2.71673
      ],
      "tcp_pose_aa": [
        448.804291,
        386.51474,
        356.110413,
        -1.372188,
        -0.601485,
        -2.182506
      ],
      "joint_angles": [
        0.697687,
        0.765621,
        0.02031,
        1.528207,
        -0.003802,
        -1.217152,
        -0.12859
      ],
      "R_gripper2base": [
        [
          -0.375096195,
          0.612591504,
          0.695725875
        ],
        [
          -0.169699601,
          -0.78321967,
          0.598137939
        ],
        [
          0.91132041,
          0.106294861,
          0.397739252
        ]
      ],
      "t_gripper2base": [
        0.448804291,
        0.38651474,
        0.356110413
      ],
      "R_target2cam": [
        [
          0.128852737,
          -0.864453963,
          -0.485918015
        ],
        [
          0.984028815,
          0.172145901,
          -0.045310936
        ],
        [
          0.122818013,
          -0.472318891,
          0.872829079
        ]
      ],
      "t_target2cam": [
        -0.215656297,
        -0.237313722,
        0.487836865
      ],
      "reproj_error_px": 0.073424,
      "angle_unit": "radian",
      "position_unit": "mm"
    },
    {
      "id": 2,
      "timestamp": "2026-03-18 12:47:40",
      "image_path": "calib_dataset/images/sample_002.png",
      "pattern_size": [
        6,
        7
      ],
      "square_size_m": 0.03,
      "tcp_pose_rpy": [
        487.287048,
        417.010742,
        307.463928,
        2.511539,
        -1.373134,
        1.351951
      ],
      "tcp_pose_aa": [
        487.287048,
        417.010742,
        307.463928,
        -1.957451,
        -0.862392,
        -1.742613
      ],
      "joint_angles": [
        0.693823,
        0.765583,
        0.019652,
        1.528209,
        -0.003802,
        -0.648684,
        -0.12859
      ],
      "R_gripper2base": [
        [
          0.042633969,
          0.663300318,
          0.747137894
        ],
        [
          0.191694677,
          -0.739354603,
          0.64545172
        ],
        [
          0.980528172,
          0.115704189,
          -0.158672761
        ]
      ],
      "t_gripper2base": [
        0.487287048,
        0.417010742,
        0.307463928
      ],
      "R_target2cam": [
        [
          -0.163439831,
          -0.834891383,
          -0.525589003
        ],
        [
          0.80859104,
          0.19185995,
          -0.556210652
        ],
        [
          0.565214961,
          -0.515893533,
          0.643728134
        ]
      ],
      "t_target2cam": [
        -0.129515545,
        -0.136200347,
        0.381747137
      ],
      "reproj_error_px": 0.10306,
      "angle_unit": "radian",
      "position_unit": "mm"
    },
    {
      "id": 3,
      "timestamp": "2026-03-18 12:48:06",
      "image_path": "calib_dataset/images/sample_003.png",
      "pattern_size": [
        6,
        7
      ],
      "square_size_m": 0.03,
      "tcp_pose_rpy": [
        476.508331,
        415.32608,
        321.641754,
        1.797592,
        -1.470445,
        2.212948
      ],
      "tcp_pose_aa": [
        476.508331,
        415.32608,
        321.641754,
        -1.713142,
        -0.898034,
        -1.752705
      ],
      "joint_angles": [
        0.574731,
        0.777305,
        0.136435,
        1.542258,
        -0.275765,
        -0.778684,
        -0.000804
      ],
      "R_gripper2base": [
        [
          -0.060002246,
          0.760713836,
          0.646308123
        ],
        [
          0.080227807,
          -0.641704869,
          0.762743967
        ],
        [
          0.994968959,
          0.097618235,
          -0.022526669
        ]
      ],
      "t_gripper2base": [
        0.476508331,
        0.41532608,
        0.321641754
      ],
      "R_target2cam": [
        [
          -0.071495974,
          -0.750502252,
          -0.656989113
        ],
        [
          0.879120974,
          0.26375334,
          -0.39696409
        ],
        [
          0.471205517,
          -0.605954243,
          0.640924969
        ]
      ],
      "t_target2cam": [
        -0.157559636,
        -0.176373774,
        0.412706688
      ],
      "reproj_error_px": 0.093603,
      "angle_unit": "radian",
      "position_unit": "mm"
    },
    {
      "id": 4,
      "timestamp": "2026-03-18 12:48:20",
      "image_path": "calib_dataset/images/sample_004.png",
      "pattern_size": [
        6,
        7
      ],
      "square_size_m": 0.03,
      "tcp_pose_rpy": [
        476.508331,
        415.32608,
        321.641754,
        1.797592,
        -1.470445,
        1.578281
      ],
      "tcp_pose_aa": [
        476.508331,
        415.32608,
        321.641754,
        -2.151319,
        -0.359304,
        -2.127641
      ],
      "joint_angles": [
        0.955204,
        0.866564,
        -0.141671,
        1.743259,
        0.916238,
        -0.825701,
        -0.672224
      ],
      "R_gripper2base": [
        [
          -0.000749849,
          0.232106124,
          0.972690179
        ],
        [
          0.100181039,
          -0.967779627,
          0.231011584
        ],
        [
          0.994968943,
          0.097618337,
          -0.022526944
        ]
      ],
      "t_gripper2base": [
        0.476508331,
        0.41532608,
        0.321641754
      ],
      "R_target2cam": [
        [
          -0.077141159,
          -0.994178005,
          -0.075228557
        ],
        [
          0.857856461,
          -0.0277347,
          -0.513140408
        ],
        [
          0.508066466,
          -0.104119549,
          0.855001512
        ]
      ],
      "t_target2cam": [
        -0.134722004,
        -0.144594288,
        0.358452757
      ],
      "reproj_error_px": 0.102205,
      "angle_unit": "radian",
      "position_unit": "mm"
    },
    {
      "id": 5,
      "timestamp": "2026-03-18 12:48:43",
      "image_path": "calib_dataset/images/sample_005.png",
      "pattern_size": [
        6,
        7
      ],
      "square_size_m": 0.03,
      "tcp_pose_rpy": [
        476.508331,
        415.32608,
        321.641754,
        1.797592,
        -1.470445,
        1.840202
      ],
      "tcp_pose_aa": [
        476.508331,
        415.32608,
        321.641754,
        -1.977959,
        -0.604167,
        -1.98233
      ],
      "joint_angles": [
        0.810098,
        0.786111,
        -0.020405,
        1.575952,
        0.425066,
        -0.79937,
        -0.381392
      ],
      "R_gripper2base": [
        [
          -0.026664934,
          0.474784106,
          0.879698263
        ],
        [
          0.096569845,
          -0.874671798,
          0.474998432
        ],
        [
          0.994968968,
          0.097618127,
          -0.022526761
        ]
      ],
      "t_gripper2base": [
        0.476508331,
        0.41532608,
        0.321641754
      ],
      "R_target2cam": [
        [
          -0.076292945,
          -0.939551428,
          -0.33380009
        ],
        [
          0.867083055,
          0.10277008,
          -0.487447727
        ],
        [
          0.49228687,
          -0.326621225,
          0.806828491
        ]
      ],
      "t_target2cam": [
        -0.139481262,
        -0.158913636,
        0.381894464
      ],
      "reproj_error_px": 0.094932,
      "angle_unit": "radian",
      "position_unit": "mm"
    },
    {
      "id": 6,
      "timestamp": "2026-03-18 12:49:16",
      "image_path": "calib_dataset/images/sample_006.png",
      "pattern_size": [
        6,
        7
      ],
      "square_size_m": 0.03,
      "tcp_pose_rpy": [
        450.739624,
        395.474396,
        199.494232,
        0.250346,
        -1.230489,
        -2.977753
      ],
      "tcp_pose_aa": [
        450.739624,
        395.474396,
        199.494232,
        -1.62651,
        -0.429404,
        -2.318469
      ],
      "joint_angles": [
        0.786616,
        1.13842,
        -0.006922,
        1.716088,
        0.345724,
        -1.353736,
        -0.277954
      ],
      "R_gripper2base": [
        [
          -0.329307328,
          0.388427948,
          0.860627918
        ],
        [
          -0.054442203,
          -0.917761523,
          0.393382554
        ],
        [
          0.942651967,
          0.082689278,
          0.323372468
        ]
      ],
      "t_gripper2base": [
        0.450739624,
        0.395474396,
        0.199494232
      ],
      "R_target2cam": [
        [
          0.025594515,
          -0.966160714,
          -0.25666787
        ],
        [
          0.982318308,
          0.071940098,
          -0.172844914
        ],
        [
          0.185460677,
          -0.247705666,
          0.95091863
        ]
      ],
      "t_target2cam": [
        -0.175726555,
        -0.089909544,
        0.52888015
      ],
      "reproj_error_px": 0.091335,
      "angle_unit": "radian",
      "position_unit": "mm"
    },
    {
      "id": 7,
      "timestamp": "2026-03-18 12:49:31",
      "image_path": "calib_dataset/images/sample_007.png",
      "pattern_size": [
        6,
        7
      ],
      "square_size_m": 0.03,
      "tcp_pose_rpy": [
        484.745117,
        423.331635,
        152.63356,
        2.684145,
        -1.359339,
        0.99235
      ],
      "tcp_pose_aa": [
        484.745117,
        423.331635,
        152.63356,
        -2.125046,
        -0.681228,
        -1.801609
      ],
      "joint_angles": [
        0.786616,
        1.13842,
        -0.006922,
        1.716088,
        0.345724,
        -0.826231,
        -0.277954
      ],
      "R_gripper2base": [
        [
          0.114749227,
          0.515134823,
          0.849393153
        ],
        [
          0.175739171,
          -0.852081732,
          0.493023798
        ],
        [
          0.977726116,
          0.092697549,
          -0.188305087
        ]
      ],
      "t_gripper2base": [
        0.484745117,
        0.423331635,
        0.15263356
      ],
      "R_target2cam": [
        [
          -0.133516962,
          -0.92385709,
          -0.358693879
        ],
        [
          0.773792545,
          0.128957175,
          -0.620173479
        ],
        [
          0.619207815,
          -0.360358328,
          0.697655758
        ]
      ],
      "t_target2cam": [
        -0.122013029,
        0.010928237,
        0.434204131
      ],
      "reproj_error_px": 0.136808,
      "angle_unit": "radian",
      "position_unit": "mm"
    },
    {
      "id": 8,
      "timestamp": "2026-03-18 12:49:57",
      "image_path": "calib_dataset/images/sample_008.png",
      "pattern_size": [
        6,
        7
      ],
      "square_size_m": 0.03,
      "tcp_pose_rpy": [
        453.493347,
        397.397949,
        197.308838,
        0.283746,
        -1.260656,
        -2.6227
      ],
      "tcp_pose_aa": [
        453.493347,
        397.397949,
        197.308838,
        -1.42942,
        -0.695371,
        -2.009354
      ],
      "joint_angles": [
        0.677105,
        1.123406,
        0.032978,
        1.678117,
        -0.132259,
        -1.314047,
        -0.04765
      ],
      "R_gripper2base": [
        [
          -0.265019785,
          0.707593798,
          0.655038572
        ],
        [
          -0.151350261,
          -0.701434939,
          0.696478373
        ],
        [
          0.952290718,
          0.08544029,
          0.292988643
        ]
      ],
      "t_gripper2base": [
        0.453493347,
        0.397397949,
        0.197308838
      ],
      "R_target2cam": [
        [
          0.127026765,
          -0.796913862,
          -0.590586571
        ],
        [
          0.961901462,
          0.244292349,
          -0.122746998
        ],
        [
          0.242094565,
          -0.552493932,
          0.797584275
        ]
      ],
      "t_target2cam": [
        -0.211636107,
        -0.097706706,
        0.542493641
      ],
      "reproj_error_px": 0.047639,
      "angle_unit": "radian",
      "position_unit": "mm"
    },
    {
      "id": 9,
      "timestamp": "2026-03-18 12:50:12",
      "image_path": "calib_dataset/images/sample_009.png",
      "pattern_size": [
        6,
        7
      ],
      "square_size_m": 0.03,
      "tcp_pose_rpy": [
        453.493347,
        397.397949,
        197.308853,
        0.283746,
        -1.260656,
        3.00109
      ],
      "tcp_pose_aa": [
        453.493347,
        397.397949,
        197.308853,
        -1.822545,
        -0.225436,
        -2.482074
      ],
      "joint_angles": [
        0.778062,
        1.195786,
        0.095066,
        1.854426,
        0.601575,
        -1.376264,
        -0.54257
      ],
      "R_gripper2base": [
        [
          -0.302185094,
          0.129529226,
          0.944407935
        ],
        [
          0.042739668,
          -0.987887732,
          0.149168192
        ],
        [
          0.952290654,
          0.085440086,
          0.292988911
        ]
      ],
      "t_gripper2base": [
        0.453493347,
        0.397397949,
        0.197308853
      ],
      "R_target2cam": [
        [
          -0.06734833,
          -0.997725715,
          0.002756851
        ],
        [
          0.973673245,
          -0.066327342,
          -0.218085067
        ],
        [
          0.217771934,
          -0.012003393,
          0.97592587
        ]
      ],
      "t_target2cam": [
        -0.151755191,
        -0.072034499,
        0.498207084
      ],
      "reproj_error_px": 0.091603,
      "angle_unit": "radian",
      "position_unit": "mm"
    },
    {
      "id": 10,
      "timestamp": "2026-03-18 12:51:37",
      "image_path": "calib_dataset/images/sample_010.png",
      "pattern_size": [
        6,
        7
      ],
      "square_size_m": 0.03,
      "tcp_pose_rpy": [
        268.578461,
        574.774963,
        325.989594,
        -0.335426,
        -1.223838,
        -2.17318
      ],
      "tcp_pose_aa": [
        268.578461,
        574.774963,
        325.989594,
        -1.506345,
        -0.380594,
        -2.023804
      ],
      "joint_angles": [
        1.072839,
        1.047997,
        0.352777,
        1.971744,
        0.492569,
        -1.221894,
        -0.611059
      ],
      "R_gripper2base": [
        [
          -0.192668671,
          0.602669759,
          0.774382299
        ],
        [
          -0.280187847,
          -0.790101631,
          0.545191877
        ],
        [
          0.940411375,
          -0.111931115,
          0.321088573
        ]
      ],
      "t_gripper2base": [
        0.268578461,
        0.574774963,
        0.325989594
      ],
      "R_target2cam": [
        [
          0.267918583,
          -0.871507388,
          -0.410724368
        ],
        [
          0.925621801,
          0.35111165,
          -0.141226379
        ],
        [
          0.267289944,
          -0.342338258,
          0.900755574
        ]
      ],
      "t_target2cam": [
        -0.031304941,
        -0.28595881,
        0.585276471
      ],
      "reproj_error_px": 0.054315,
      "angle_unit": "radian",
      "position_unit": "mm"
    },
    {
      "id": 11,
      "timestamp": "2026-03-18 12:51:48",
      "image_path": "calib_dataset/images/sample_011.png",
      "pattern_size": [
        6,
        7
      ],
      "square_size_m": 0.03,
      "tcp_pose_rpy": [
        289.828613,
        612.552795,
        298.736572,
        -1.720411,
        -1.461357,
        -0.562553
      ],
      "tcp_pose_aa": [
        289.828613,
        612.552795,
        298.736572,
        -1.7376,
        -0.685255,
        -1.626714
      ],
      "joint_angles": [
        1.048777,
        1.047615,
        0.369187,
        1.971886,
        0.524288,
        -0.795641,
        -0.611059
      ],
      "R_gripper2base": [
        [
          0.092389448,
          0.751943424,
          0.652721439
        ],
        [
          -0.058252897,
          -0.650320623,
          0.757423057
        ],
        [
          0.9940175,
          -0.108000813,
          -0.016279881
        ]
      ],
      "t_gripper2base": [
        0.289828613,
        0.612552795,
        0.298736572
      ],
      "R_target2cam": [
        [
          0.092051515,
          -0.760065414,
          -0.643293933
        ],
        [
          0.81308444,
          0.430313283,
          -0.392076741
        ],
        [
          0.574821895,
          -0.48696103,
          0.657608352
        ]
      ],
      "t_target2cam": [
        0.031599934,
        -0.231035793,
        0.520625015
      ],
      "reproj_error_px": 0.11808,
      "angle_unit": "radian",
      "position_unit": "mm"
    },
    {
      "id": 12,
      "timestamp": "2026-03-18 12:52:01",
      "image_path": "calib_dataset/images/sample_012.png",
      "pattern_size": [
        6,
        7
      ],
      "square_size_m": 0.03,
      "tcp_pose_rpy": [
        294.711456,
        631.815857,
        278.901398,
        2.825284,
        -1.359903,
        1.335578
      ],
      "tcp_pose_aa": [
        294.711456,
        631.815857,
        278.901398,
        -1.77361,
        -1.062044,
        -1.50421
      ],
      "joint_angles": [
        1.037186,
        1.047693,
        0.366953,
        1.97189,
        0.521841,
        -0.548546,
        -0.799948
      ],
      "R_gripper2base": [
        [
          0.048786134,
          0.853331689,
          0.519080862
        ],
        [
          0.203568917,
          -0.517286212,
          0.831248862
        ],
        [
          0.977844369,
          0.06511531,
          -0.198948202
        ]
      ],
      "t_gripper2base": [
        0.294711456,
        0.631815857,
        0.278901398
      ],
      "R_target2cam": [
        [
          -0.17707184,
          -0.651576638,
          -0.737626903
        ],
        [
          0.801475117,
          0.339515806,
          -0.492307479
        ],
        [
          0.571212044,
          -0.6783634,
          0.462103774
        ]
      ],
      "t_target2cam": [
        0.099196325,
        -0.198919365,
        0.54140352
      ],
      "reproj_error_px": 0.141379,
      "angle_unit": "radian",
      "position_unit": "mm"
    },
    {
      "id": 13,
      "timestamp": "2026-03-18 12:52:19",
      "image_path": "calib_dataset/images/sample_013.png",
      "pattern_size": [
        6,
        7
      ],
      "square_size_m": 0.03,
      "tcp_pose_rpy": [
        251.663544,
        601.320129,
        348.604401,
        -0.561676,
        -1.278437,
        -1.9932
      ],
      "tcp_pose_aa": [
        251.663544,
        601.320129,
        348.604401,
        -1.614353,
        -0.334006,
        -1.97678
      ],
      "joint_angles": [
        1.162685,
        1.114648,
        0.389294,
        2.217985,
        0.662987,
        -1.121957,
        -0.798567
      ],
      "R_gripper2base": [
        [
          -0.118153603,
          0.56289519,
          0.818039566
        ],
        [
          -0.262880482,
          -0.812148773,
          0.520872559
        ],
        [
          0.957566488,
          -0.153503665,
          0.243932462
        ]
      ],
      "t_gripper2base": [
        0.251663544,
        0.601320129,
        0.348604401
      ],
      "R_target2cam": [
        [
          0.262388362,
          -0.888013749,
          -0.377602872
        ],
        [
          0.903364779,
          0.363620833,
          -0.227402653
        ],
        [
          0.339240953,
          -0.281445326,
          0.897610218
        ]
      ],
      "t_target2cam": [
        0.000179436,
        -0.307562177,
        0.563400924
      ],
      "reproj_error_px": 0.049059,
      "angle_unit": "radian",
      "position_unit": "mm"
    },
    {
      "id": 14,
      "timestamp": "2026-03-18 12:53:15",
      "image_path": "calib_dataset/images/sample_014.png",
      "pattern_size": [
        6,
        7
      ],
      "square_size_m": 0.03,
      "tcp_pose_rpy": [
        119.84993,
        613.887817,
        393.559662,
        0.183149,
        -1.159272,
        -2.889477
      ],
      "tcp_pose_aa": [
        119.84993,
        613.887817,
        393.559662,
        -1.523139,
        -0.414048,
        -2.350716
      ],
      "joint_angles": [
        1.448135,
        1.268274,
        0.479189,
        2.668124,
        0.648134,
        -1.292686,
        -1.388019
      ],
      "R_gripper2base": [
        [
          -0.3873615,
          0.40692646,
          0.827261703
        ],
        [
          -0.09978343,
          -0.910551176,
          0.401173059
        ],
        [
          0.916512049,
          0.072851987,
          0.393316987
        ]
      ],
      "t_gripper2base": [
        0.11984993,
        0.613887817,
        0.393559662
      ],
      "R_target2cam": [
        [
          0.057406402,
          -0.966132526,
          -0.2515799
        ],
        [
          0.992167063,
          0.083213784,
          -0.093166434
        ],
        [
          0.110946037,
          -0.244260941,
          0.963341876
        ]
      ],
      "t_target2cam": [
        0.086065645,
        -0.404334038,
        0.699664137
      ],
      "reproj_error_px": 0.075465,
      "angle_unit": "radian",
      "position_unit": "mm"
    },
    {
      "id": 15,
      "timestamp": "2026-03-18 12:53:28",
      "image_path": "calib_dataset/images/sample_015.png",
      "pattern_size": [
        6,
        7
      ],
      "square_size_m": 0.03,
      "tcp_pose_rpy": [
        121.224113,
        626.472107,
        258.153412,
        0.736993,
        -1.185489,
        2.881533
      ],
      "tcp_pose_aa": [
        121.224113,
        626.472107,
        258.153412,
        -1.642793,
        -0.676278,
        -2.346119
      ],
      "joint_angles": [
        1.44841,
        1.482286,
        0.479143,
        2.668097,
        0.648132,
        -1.292686,
        -1.388019
      ],
      "R_gripper2base": [
        [
          -0.363206547,
          0.411439576,
          0.835941672
        ],
        [
          0.096643832,
          -0.875736862,
          0.473016826
        ],
        [
          0.926682779,
          0.252591415,
          0.278310265
        ]
      ],
      "t_gripper2base": [
        0.121224113,
        0.626472107,
        0.258153412
      ],
      "R_target2cam": [
        [
          -0.132201753,
          -0.936884706,
          -0.323681549
        ],
        [
          0.976929421,
          -0.067897579,
          -0.202481667
        ],
        [
          0.167724783,
          -0.342982459,
          0.924246412
        ]
      ],
      "t_target2cam": [
        0.137005943,
        -0.26831236,
        0.760184307
      ],
      "reproj_error_px": 0.096281,
      "angle_unit": "radian",
      "position_unit": "mm"
    },
    {
      "id": 16,
      "timestamp": "2026-03-18 12:53:43",
      "image_path": "calib_dataset/images/sample_016.png",
      "pattern_size": [
        6,
        7
      ],
      "square_size_m": 0.03,
      "tcp_pose_rpy": [
        124.324455,
        605.151001,
        179.576538,
        1.024095,
        -1.318732,
        2.486655
      ],
      "tcp_pose_aa": [
        124.324455,
        605.151001,
        179.576538,
        -1.9047,
        -0.589051,
        -2.263489
      ],
      "joint_angles": [
        1.455481,
        1.648414,
        0.650166,
        2.782486,
        0.649852,
        -1.367922,
        -1.388019
      ],
      "R_gripper2base": [
        [
          -0.197798618,
          0.339420213,
          0.919602972
        ],
        [
          0.151914099,
          -0.916189392,
          0.370835684
        ],
        [
          0.968399614,
          0.213051443,
          0.129658279
        ]
      ],
      "t_gripper2base": [
        0.124324455,
        0.605151001,
        0.179576538
      ],
      "R_target2cam": [
        [
          -0.159426452,
          -0.964117686,
          -0.212274103
        ],
        [
          0.929597451,
          -0.074229865,
          -0.361024247
        ],
        [
          0.332312783,
          -0.25488628,
          0.908075547
        ]
      ],
      "t_target2cam": [
        0.123227836,
        -0.188940493,
        0.754543379
      ],
      "reproj_error_px": 0.09395,
      "angle_unit": "radian",
      "position_unit": "mm"
    },
    {
      "id": 17,
      "timestamp": "2026-03-18 12:55:02",
      "image_path": "calib_dataset/images/sample_017.png",
      "pattern_size": [
        6,
        7
      ],
      "square_size_m": 0.03,
      "tcp_pose_rpy": [
        -101.661942,
        584.922363,
        354.84259,
        -0.373572,
        -1.320173,
        -2.261503
      ],
      "tcp_pose_aa": [
        -101.661942,
        584.922363,
        354.84259,
        -1.673734,
        -0.341417,
        -2.068064
      ],
      "joint_angles": [
        2.032732,
        1.401907,
        -0.979886,
        2.813244,
        2.280907,
        -1.278855,
        -1.386882
      ],
      "R_gripper2base": [
        [
          -0.158001782,
          0.492397995,
          0.85590867
        ],
        [
          -0.191163506,
          -0.865651406,
          0.462713904
        ],
        [
          0.968757942,
          -0.090508881,
          0.230902992
        ]
      ],
      "t_gripper2base": [
        -0.101661942,
        0.584922363,
        0.35484259
      ],
      "R_target2cam": [
        [
          0.180828839,
          -0.931239674,
          -0.316375727
        ],
        [
          0.929194143,
          0.267187043,
          -0.255361172
        ],
        [
          0.32233395,
          -0.247797808,
          0.913617574
        ]
      ],
      "t_target2cam": [
        0.064120544,
        -0.484342084,
        0.87006231
      ],
      "reproj_error_px": 0.097553,
      "angle_unit": "radian",
      "position_unit": "mm"
    },
    {
      "id": 18,
      "timestamp": "2026-03-18 12:55:12",
      "image_path": "calib_dataset/images/sample_018.png",
      "pattern_size": [
        6,
        7
      ],
      "square_size_m": 0.03,
      "tcp_pose_rpy": [
        -109.85408,
        576.762878,
        406.166138,
        -0.041473,
        -0.971346,
        -2.606505
      ],
      "tcp_pose_aa": [
        -109.85408,
        576.762878,
        406.166138,
        -1.255335,
        -0.291642,
        -2.359954
      ],
      "joint_angles": [
        2.031944,
        1.401911,
        -1.185604,
        2.813244,
        2.109248,
        -1.278855,
        -1.386882
      ],
      "R_gripper2base": [
        [
          -0.485328259,
          0.480030481,
          0.730771659
        ],
        [
          -0.287689112,
          -0.876939873,
          0.384982381
        ],
        [
          0.825646084,
          -0.023392221,
          0.563703245
        ]
      ],
      "t_gripper2base": [
        -0.10985408,
        0.576762878,
        0.406166138
      ],
      "R_target2cam": [
        [
          0.224775451,
          -0.937374296,
          -0.266092891
        ],
        [
          0.973402738,
          0.203591196,
          0.105060625
        ],
        [
          -0.044306959,
          -0.282630598,
          0.958205009
        ]
      ],
      "t_target2cam": [
        0.049116267,
        -0.537646447,
        0.937919376
      ],
      "reproj_error_px": 0.075674,
      "angle_unit": "radian",
      "position_unit": "mm"
    },
    {
      "id": 19,
      "timestamp": "2026-03-18 12:55:21",
      "image_path": "calib_dataset/images/sample_019.png",
      "pattern_size": [
        6,
        7
      ],
      "square_size_m": 0.03,
      "tcp_pose_rpy": [
        -108.282913,
        583.246704,
        283.2229,
        -2.538605,
        -1.153904,
        -0.141939
      ],
      "tcp_pose_aa": [
        -108.282913,
        583.246704,
        283.2229,
        -2.25001,
        -0.291235,
        -1.492618
      ],
      "joint_angles": [
        2.031966,
        1.400935,
        -0.890008,
        2.813421,
        2.787393,
        -1.278855,
        -1.386882
      ],
      "R_gripper2base": [
        [
          0.400849082,
          0.396804389,
          0.825751954
        ],
        [
          -0.057280766,
          -0.888715438,
          0.454866776
        ],
        [
          0.914351643,
          -0.229632634,
          -0.333511508
        ]
      ],
      "t_gripper2base": [
        -0.108282913,
        0.583246704,
        0.2832229
      ],
      "R_target2cam": [
        [
          0.139120249,
          -0.940427592,
          -0.310228143
        ],
        [
          0.600730899,
          0.329194683,
          -0.728528138
        ],
        [
          0.787253418,
          -0.085010615,
          0.610741559
        ]
      ],
      "t_target2cam": [
        0.072838945,
        -0.357728189,
        0.793639303
      ],
      "reproj_error_px": 0.112085,
      "angle_unit": "radian",
      "position_unit": "mm"
    },
    {
      "id": 20,
      "timestamp": "2026-03-18 12:55:30",
      "image_path": "calib_dataset/images/sample_020.png",
      "pattern_size": [
        6,
        7
      ],
      "square_size_m": 0.03,
      "tcp_pose_rpy": [
        -87.135071,
        585.454468,
        200.505646,
        0.616594,
        -1.412893,
        2.996191
      ],
      "tcp_pose_aa": [
        -87.135071,
        585.454468,
        200.505646,
        -1.826813,
        -0.534148,
        -2.125316
      ],
      "joint_angles": [
        2.023261,
        1.670858,
        -1.163572,
        2.813235,
        2.577374,
        -1.278813,
        -1.386882
      ],
      "R_gripper2base": [
        [
          -0.155588922,
          0.44683104,
          0.880984738
        ],
        [
          0.022783343,
          -0.889985251,
          0.455419775
        ],
        [
          0.987559115,
          0.090930049,
          0.128291541
        ]
      ],
      "t_gripper2base": [
        -0.087135071,
        0.585454468,
        0.200505646
      ],
      "R_target2cam": [
        [
          -0.031170336,
          -0.9490843,
          -0.313476317
        ],
        [
          0.931612215,
          0.08603785,
          -0.353123449
        ],
        [
          0.36211475,
          -0.303045342,
          0.881496698
        ]
      ],
      "t_target2cam": [
        0.109267424,
        -0.327528669,
        0.931599999
      ],
      "reproj_error_px": 0.065401,
      "angle_unit": "radian",
      "position_unit": "mm"
    },
    {
      "id": 21,
      "timestamp": "2026-03-18 12:55:37",
      "image_path": "calib_dataset/images/sample_021.png",
      "pattern_size": [
        6,
        7
      ],
      "square_size_m": 0.03,
      "tcp_pose_rpy": [
        -98.970192,
        588.329041,
        261.765076,
        0.244458,
        -1.050082,
        -2.88523
      ],
      "tcp_pose_aa": [
        -98.970192,
        588.329041,
        261.765076,
        -1.363352,
        -0.477895,
        -2.397491
      ],
      "joint_angles": [
        2.023396,
        1.671197,
        -1.472554,
        2.813261,
        2.502958,
        -1.278813,
        -1.386882
      ],
      "R_gripper2base": [
        [
          -0.481240515,
          0.449116641,
          0.752795994
        ],
        [
          -0.126148058,
          -0.885322347,
          0.447538835
        ],
        [
          0.867464255,
          0.120410067,
          0.482708174
        ]
      ],
      "t_gripper2base": [
        -0.098970192,
        0.588329041,
        0.261765076
      ],
      "R_target2cam": [
        [
          0.063772394,
          -0.943683417,
          -0.324645483
        ],
        [
          0.997960264,
          0.06124786,
          0.018000328
        ],
        [
          0.00289723,
          -0.325131216,
          0.945664475
        ]
      ],
      "t_target2cam": [
        0.093266163,
        -0.398353833,
        0.993507676
      ],
      "reproj_error_px": 0.066033,
      "angle_unit": "radian",
      "position_unit": "mm"
    },
    {
      "id": 22,
      "timestamp": "2026-03-18 12:55:46",
      "image_path": "calib_dataset/images/sample_022.png",
      "pattern_size": [
        6,
        7
      ],
      "square_size_m": 0.03,
      "tcp_pose_rpy": [
        -82.081322,
        581.295715,
        190.671112,
        -2.619959,
        -1.340206,
        -0.132409
      ],
      "tcp_pose_aa": [
        -82.081322,
        581.295715,
        190.671112,
        -2.186627,
        -0.313093,
        -1.746929
      ],
      "joint_angles": [
        2.023643,
        1.646567,
        -1.418819,
        2.813409,
        3.194797,
        -1.278813,
        -1.386882
      ],
      "R_gripper2base": [
        [
          0.226551459,
          0.366397621,
          0.902456215
        ],
        [
          -0.030174063,
          -0.923462264,
          0.382500944
        ],
        [
          0.973531696,
          -0.113886918,
          -0.198156018
        ]
      ],
      "t_gripper2base": [
        -0.082081322,
        0.581295715,
        0.190671112
      ],
      "R_target2cam": [
        [
          0.079176468,
          -0.970641686,
          -0.227125087
        ],
        [
          0.736861569,
          0.21043827,
          -0.642456818
        ],
        [
          0.671391179,
          -0.116492286,
          0.731890314
        ]
      ],
      "t_target2cam": [
        0.081291221,
        -0.283582036,
        0.848023684
      ],
      "reproj_error_px": 0.063307,
      "angle_unit": "radian",
      "position_unit": "mm"
    },
    {
      "id": 23,
      "timestamp": "2026-03-18 12:55:54",
      "image_path": "calib_dataset/images/sample_023.png",
      "pattern_size": [
        6,
        7
      ],
      "square_size_m": 0.03,
      "tcp_pose_rpy": [
        -144.939011,
        575.535278,
        199.189148,
        -2.521591,
        -1.319377,
        -0.017192
      ],
      "tcp_pose_aa": [
        -144.939011,
        575.535278,
        199.189148,
        -2.068133,
        -0.494989,
        -1.606319
      ],
      "joint_angles": [
        2.02389,
        1.646661,
        -1.426453,
        3.025856,
        3.192557,
        -1.278654,
        -1.386882
      ],
      "R_gripper2base": [
        [
          0.248742987,
          0.54869416,
          0.798161416
        ],
        [
          -0.00427695,
          -0.823431809,
          0.567399121
        ],
        [
          0.968560083,
          -0.144550249,
          -0.20247615
        ]
      ],
      "t_gripper2base": [
        -0.144939011,
        0.575535278,
        0.199189148
      ],
      "R_target2cam": [
        [
          0.057076936,
          -0.902124882,
          -0.427683201
        ],
        [
          0.715505457,
          0.335719122,
          -0.612653746
        ],
        [
          0.696271617,
          -0.271041265,
          0.664637095
        ]
      ],
      "t_target2cam": [
        0.084700943,
        -0.329009317,
        0.906799996
      ],
      "reproj_error_px": 0.064369,
      "angle_unit": "radian",
      "position_unit": "mm"
    },
    {
      "id": 24,
      "timestamp": "2026-03-18 12:56:02",
      "image_path": "calib_dataset/images/sample_024.png",
      "pattern_size": [
        6,
        7
      ],
      "square_size_m": 0.03,
      "tcp_pose_rpy": [
        84.702782,
        539.205933,
        213.806717,
        -1.933314,
        -1.451205,
        -1.360624
      ],
      "tcp_pose_aa": [
        84.702782,
        539.205933,
        213.806717,
        2.229866,
        -0.293637,
        2.155497
      ],
      "joint_angles": [
        2.004769,
        1.646629,
        -1.528512,
        2.270706,
        3.192373,
        -1.278667,
        -1.386882
      ],
      "R_gripper2base": [
        [
          0.024890647,
          -0.153150592,
          0.987889342
        ],
        [
          -0.116680713,
          -0.981886479,
          -0.149280118
        ],
        [
          0.992857526,
          -0.111551954,
          -0.04230951
        ]
      ],
      "t_gripper2base": [
        0.084702782,
        0.539205933,
        0.213806717
      ],
      "R_target2cam": [
        [
          0.127258756,
          -0.942181472,
          0.309998843
        ],
        [
          0.862534584,
          -0.049195025,
          -0.503600974
        ],
        [
          0.489733907,
          0.331472357,
          0.806403607
        ]
      ],
      "t_target2cam": [
        5.5187e-05,
        -0.229969977,
        0.699419992
      ],
      "reproj_error_px": 0.07573,
      "angle_unit": "radian",
      "position_unit": "mm"
    },
    {
      "id": 25,
      "timestamp": "2026-03-18 12:56:15",
      "image_path": "calib_dataset/images/sample_025.png",
      "pattern_size": [
        6,
        7
      ],
      "square_size_m": 0.03,
      "tcp_pose_rpy": [
        -294.444458,
        462.31778,
        287.108246,
        -0.986684,
        -1.280527,
        -1.563776
      ],
      "tcp_pose_aa": [
        -294.444458,
        462.31778,
        287.108246,
        -1.697924,
        -0.28049,
        -1.852277
      ],
      "joint_angles": [
        2.715205,
        1.645424,
        -1.769529,
        2.271411,
