{
  "meta": {
    "source_file": "calib_dataset/samples.json",
    "num_original_samples": 25,
    "num_filtered_samples": 20,
    "filter_rule": {
      "keep_best": null,
      "drop_worst": 5,
      "max_reproj": null
    },
    "description": "Filtered calibration samples based on reprojection error"
  },
  "samples": [
    {
      "id": 0,
      "timestamp": "2026-03-16 18:04:09",
      "image_path": "calib_dataset/images/sample_010.png",
      "pattern_size": [
        6,
        7
      ],
      "square_size_m": 0.03,
      "tcp_pose_rpy": [
        487.107361,
        278.663818,
        179.835159,
        0.114122,
        -1.17027,
        -2.469248
      ],
      "tcp_pose_aa": [
        487.107361,
        278.663818,
        179.835159,
        -1.337296,
        -0.600697,
        -2.053639
      ],
      "joint_angles": [
        0.295498,
        1.138527,
        0.249424,
        1.559245,
        -0.44855,
        -1.48433,
        -0.074988
      ],
      "R_gripper2base": [
        [
          -0.305045855,
          0.70081029,
          0.644834834
        ],
        [
          -0.24283993,
          -0.711964601,
          0.65888935
        ],
        [
          0.920856012,
          0.04439982,
          0.387366572
        ]
      ],
      "t_gripper2base": [
        0.487107361,
        0.278663818,
        0.179835159
      ],
      "R_target2cam": [
        [
          0.003406097,
          -0.999680603,
          -0.025041787
        ],
        [
          0.998044464,
          0.004961394,
          -0.062310781
        ],
        [
          0.062415121,
          -0.02478058,
          0.99774259
        ]
      ],
      "t_target2cam": [
        0.036000182,
        -0.104645205,
        0.672828226
      ],
      "reproj_error_px": 0.054014,
      "angle_unit": "radian",
      "position_unit": "mm",
      "original_id": 10
    },
    {
      "id": 1,
      "timestamp": "2026-03-16 18:09:26",
      "image_path": "calib_dataset/images/sample_023.png",
      "pattern_size": [
        6,
        7
      ],
      "square_size_m": 0.03,
      "tcp_pose_rpy": [
        599.155396,
        164.654449,
        173.893677,
        0.188062,
        -1.277548,
        -2.545837
      ],
      "tcp_pose_aa": [
        599.155396,
        164.654449,
        173.893677,
        -1.45617,
        -0.657624,
        -1.99648
      ],
      "joint_angles": [
        0.031698,
        1.319039,
        0.242216,
        1.981897,
        -0.791471,
        -1.211368,
        0.225232
      ],
      "R_gripper2base": [
        [
          -0.239265288,
          0.699382357,
          0.673510534
        ],
        [
          -0.162203618,
          -0.712701733,
          0.682456026
        ],
        [
          0.957309829,
          0.054042193,
          0.283967134
        ]
      ],
      "t_gripper2base": [
        0.599155396,
        0.164654449,
        0.173893677
      ],
      "R_target2cam": [
        [
          -0.009499855,
          -0.999670954,
          -0.023827213
        ],
        [
          0.984898163,
          -0.005234682,
          -0.173055501
        ],
        [
          0.17287383,
          -0.025111381,
          0.984623815
        ]
      ],
      "t_target2cam": [
        -0.119569906,
        -0.092744508,
        0.65253929
      ],
      "reproj_error_px": 0.057874,
      "angle_unit": "radian",
      "position_unit": "mm",
      "original_id": 23
    },
    {
      "id": 2,
      "timestamp": "2026-03-16 18:07:25",
      "image_path": "calib_dataset/images/sample_017.png",
      "pattern_size": [
        6,
        7
      ],
      "square_size_m": 0.03,
      "tcp_pose_rpy": [
        385.040619,
        504.35614,
        410.978485,
        0.014892,
        -1.276515,
        -2.296483
      ],
      "tcp_pose_aa": [
        385.040619,
        504.35614,
        410.978485,
        -1.412454,
        -0.652217,
        -1.907872
      ],
      "joint_angles": [
        0.842912,
        0.763116,
        0.160106,
        1.718306,
        0.077718,
        -0.914477,
        -0.186434
      ],
      "R_gripper2base": [
        [
          -0.192492958,
          0.757418606,
          0.623909863
        ],
        [
          -0.216971793,
          -0.652915308,
          0.725689218
        ],
        [
          0.957010816,
          0.004319223,
          0.290020072
        ]
      ],
      "t_gripper2base": [
        0.385040619,
        0.50435614,
        0.410978485
      ],
      "R_target2cam": [
        [
          0.061450955,
          -0.994008967,
          -0.090387794
        ],
        [
          0.983711799,
          0.075642062,
          -0.163062487
        ],
        [
          0.168922693,
          -0.078895194,
          0.982466626
        ]
      ],
      "t_target2cam": [
        0.254216518,
        -0.279355213,
        0.476256181
      ],
      "reproj_error_px": 0.065323,
      "angle_unit": "radian",
      "position_unit": "mm",
      "original_id": 17
    },
    {
      "id": 3,
      "timestamp": "2026-03-16 18:06:11",
      "image_path": "calib_dataset/images/sample_014.png",
      "pattern_size": [
        6,
        7
      ],
      "square_size_m": 0.03,
      "tcp_pose_rpy": [
        498.514008,
        293.0914,
        167.686737,
        0.169285,
        -1.3463,
        -2.608558
      ],
      "tcp_pose_aa": [
        498.514008,
        293.0914,
        167.686737,
        -1.579354,
        -0.617159,
        -2.002223
      ],
      "joint_angles": [
        0.338105,
        1.128147,
        0.222857,
        1.54632,
        -0.314769,
        -1.326384,
        -0.104107
      ],
      "R_gripper2base": [
        [
          -0.191731509,
          0.642348751,
          0.742042526
        ],
        [
          -0.113121744,
          -0.765494227,
          0.633420918
        ],
        [
          0.974906406,
          0.037505604,
          0.219432974
        ]
      ],
      "t_gripper2base": [
        0.498514008,
        0.2930914,
        0.167686737
      ],
      "R_target2cam": [
        [
          -0.010850201,
          -0.998320921,
          0.056900013
        ],
        [
          0.972024835,
          -0.023882067,
          -0.233660796
        ],
        [
          0.234627351,
          0.052772959,
          0.970651854
        ]
      ],
      "t_target2cam": [
        0.041693924,
        -0.077257809,
        0.616950027
      ],
      "reproj_error_px": 0.069007,
      "angle_unit": "radian",
      "position_unit": "mm",
      "original_id": 14
    },
    {
      "id": 4,
      "timestamp": "2026-03-16 18:01:04",
      "image_path": "calib_dataset/images/sample_000.png",
      "pattern_size": [
        6,
        7
      ],
      "square_size_m": 0.03,
      "tcp_pose_rpy": [
        493.181763,
        283.375824,
        293.731262,
        0.066942,
        -1.241934,
        -2.50946
      ],
      "tcp_pose_aa": [
        493.181763,
        283.375824,
        293.731262,
        -1.465776,
        -0.556477,
        -2.064527
      ],
      "joint_angles": [
        0.294262,
        0.824538,
        0.259003,
        1.393891,
        -0.288501,
        -1.286853,
        -0.049947
      ],
      "R_gripper2base": [
        [
          -0.260559261,
          0.640617805,
          0.722300283
        ],
        [
          -0.190829955,
          -0.767555923,
          0.611916524
        ],
        [
          0.946410482,
          0.021603986,
          0.322242871
        ]
      ],
      "t_gripper2base": [
        0.493181763,
        0.283375824,
        0.293731262
      ],
      "R_target2cam": [
        [
          -0.002048222,
          -0.998276453,
          0.058650903
        ],
        [
          0.992267283,
          -0.009307647,
          -0.123769974
        ],
        [
          0.124102553,
          0.057943864,
          0.990576128
        ]
      ],
      "t_target2cam": [
        0.035394772,
        -0.201105254,
        0.593465373
      ],
      "reproj_error_px": 0.069569,
      "angle_unit": "radian",
      "position_unit": "mm",
      "original_id": 0
    },
    {
      "id": 5,
      "timestamp": "2026-03-16 18:07:36",
      "image_path": "calib_dataset/images/sample_018.png",
      "pattern_size": [
        6,
        7
      ],
      "square_size_m": 0.03,
      "tcp_pose_rpy": [
        385.040619,
        504.35614,
        410.978485,
        0.01489,
        -1.276515,
        -2.590235
      ],
      "tcp_pose_aa": [
        385.040619,
        504.35614,
        410.978485,
        -1.578645,
        -0.46373,
        -2.13074
      ],
      "joint_angles": [
        0.996581,
        0.809924,
        0.039118,
        1.832655,
        0.530579,
        -0.956794,
        -0.501482
      ],
      "R_gripper2base": [
        [
          -0.24707035,
          0.535924184,
          0.807305092
        ],
        [
          -0.151941972,
          -0.844255066,
          0.513952353
        ],
        [
          0.957010909,
          0.00431886,
          0.290019772
        ]
      ],
      "t_gripper2base": [
        0.385040619,
        0.50435614,
        0.410978485
      ],
      "R_target2cam": [
        [
          -0.025759736,
          -0.98164956,
          0.188945966
        ],
        [
          0.986307428,
          -0.05575574,
          -0.155206167
        ],
        [
          0.162892888,
          0.18236074,
          0.969644506
        ]
      ],
      "t_target2cam": [
        0.271839921,
        -0.26807805,
        0.453376143
      ],
      "reproj_error_px": 0.069726,
      "angle_unit": "radian",
      "position_unit": "mm",
      "original_id": 18
    },
    {
      "id": 6,
      "timestamp": "2026-03-16 18:05:09",
      "image_path": "calib_dataset/images/sample_012.png",
      "pattern_size": [
        6,
        7
      ],
      "square_size_m": 0.03,
      "tcp_pose_rpy": [
        487.107361,
        278.663818,
        179.835175,
        0.114122,
        -1.17027,
        -2.187567
      ],
      "tcp_pose_aa": [
        487.107361,
        278.663818,
        179.835175,
        -1.178472,
        -0.743809,
        -1.825281
      ],
      "joint_angles": [
        0.208725,
        1.180186,
        0.312262,
        1.629993,
        -0.799219,
        -1.438209,
        0.073272
      ],
      "R_gripper2base": [
        [
          -0.225521186,
          0.871097002,
          0.436268505
        ],
        [
          -0.318063569,
          -0.489099842,
          0.812168031
        ],
        [
          0.920855993,
          0.04439998,
          0.387366598
        ]
      ],
      "t_gripper2base": [
        0.487107361,
        0.278663818,
        0.179835175
      ],
      "R_target2cam": [
        [
          0.110811616,
          -0.953480396,
          -0.280349639
        ],
        [
          0.991062088,
          0.12709586,
          -0.040528747
        ],
        [
          0.074274644,
          -0.273352843,
          0.95904197
        ]
      ],
      "t_target2cam": [
        0.008326355,
        -0.114138825,
        0.693487896
      ],
      "reproj_error_px": 0.071174,
      "angle_unit": "radian",
      "position_unit": "mm",
      "original_id": 12
    },
    {
      "id": 7,
      "timestamp": "2026-03-16 18:09:49",
      "image_path": "calib_dataset/images/sample_024.png",
      "pattern_size": [
        6,
        7
      ],
      "square_size_m": 0.03,
      "tcp_pose_rpy": [
        599.155396,
        164.654449,
        259.877136,
        0.188062,
        -1.277548,
        -2.545837
      ],
      "tcp_pose_aa": [
        599.155396,
        164.654449,
        259.877136,
        -1.45617,
        -0.657624,
        -1.99648
      ],
      "joint_angles": [
        -0.003839,
        1.095802,
        0.274453,
        1.826267,
        -0.786875,
        -1.144198,
        0.257838
      ],
      "R_gripper2base": [
        [
          -0.239265288,
          0.699382357,
          0.673510534
        ],
        [
          -0.162203618,
          -0.712701733,
          0.682456026
        ],
        [
          0.957309829,
          0.054042193,
          0.283967134
        ]
      ],
      "t_gripper2base": [
        0.599155396,
        0.164654449,
        0.259877136
      ],
      "R_target2cam": [
        [
          -0.010296502,
          -0.999602031,
          -0.026263305
        ],
        [
          0.984782786,
          -0.0055801,
          -0.173700104
        ],
        [
          0.173484425,
          -0.027652154,
          0.984448329
        ]
      ],
      "t_target2cam": [
        -0.120904493,
        -0.170132217,
        0.615029842
      ],
      "reproj_error_px": 0.071907,
      "angle_unit": "radian",
      "position_unit": "mm",
      "original_id": 24
    },
    {
      "id": 8,
      "timestamp": "2026-03-16 18:04:37",
      "image_path": "calib_dataset/images/sample_011.png",
      "pattern_size": [
        6,
        7
      ],
      "square_size_m": 0.03,
      "tcp_pose_rpy": [
        487.107361,
        278.663818,
        179.835159,
        0.114122,
        -1.17027,
        -2.685289
      ],
      "tcp_pose_aa": [
        487.107361,
        278.663818,
        179.835159,
        -1.456624,
        -0.473284,
        -2.223769
      ],
      "joint_angles": [
        0.393826,
        1.120371,
        0.166679,
        1.546768,
        -0.161731,
        -1.521064,
        -0.135895
      ],
      "R_gripper2base": [
        [
          -0.350011084,
          0.531899828,
          0.771086775
        ],
        [
          -0.171804249,
          -0.845642493,
          0.50534352
        ],
        [
          0.920855874,
          0.044399849,
          0.387366896
        ]
      ],
      "t_gripper2base": [
        0.487107361,
        0.278663818,
        0.179835159
      ],
      "R_target2cam": [
        [
          -0.079832583,
          -0.982396629,
          0.168889379
        ],
        [
          0.994283819,
          -0.090529748,
          -0.05660435
        ],
        [
          0.070897436,
          0.163405105,
          0.984008295
        ]
      ],
      "t_target2cam": [
        0.052908433,
        -0.095335567,
        0.653900611
      ],
      "reproj_error_px": 0.07212,
      "angle_unit": "radian",
      "position_unit": "mm",
      "original_id": 11
    },
    {
      "id": 9,
      "timestamp": "2026-03-16 18:07:48",
      "image_path": "calib_dataset/images/sample_019.png",
      "pattern_size": [
        6,
        7
      ],
      "square_size_m": 0.03,
      "tcp_pose_rpy": [
        385.040619,
        504.35611,
        410.978485,
        0.014892,
        -1.276515,
        -2.18075
      ],
      "tcp_pose_aa": [
        385.040619,
        504.35611,
        410.978485,
        -1.345192,
        -0.718302,
        -1.817609
      ],
      "joint_angles": [
        0.748549,
        0.770043,
        0.260917,
        1.710264,
        -0.112956,
        -0.900068,
        -0.096357
      ],
      "R_gripper2base": [
        [
          -0.166150419,
          0.827747397,
          0.535936829
        ],
        [
          -0.237748519,
          -0.561084298,
          0.792880856
        ],
        [
          0.957010804,
          0.004319299,
          0.290020109
        ]
      ],
      "t_gripper2base": [
        0.385040619,
        0.50435611,
        0.410978485
      ],
      "R_target2cam": [
        [
          0.094221285,
          -0.975231362,
          -0.200115318
        ],
        [
          0.979935206,
          0.12631343,
          -0.154181417
        ],
        [
          0.175639805,
          -0.181572874,
          0.967564959
        ]
      ],
      "t_target2cam": [
        0.24527265,
        -0.283355049,
        0.484092937
      ],
      "reproj_error_px": 0.072278,
      "angle_unit": "radian",
      "position_unit": "mm",
      "original_id": 19
    },
    {
      "id": 10,
      "timestamp": "2026-03-16 18:03:48",
      "image_path": "calib_dataset/images/sample_009.png",
      "pattern_size": [
        6,
        7
      ],
      "square_size_m": 0.03,
      "tcp_pose_rpy": [
        483.493896,
        275.681885,
        421.880463,
        0.106769,
        -1.127758,
        -2.088298
      ],
      "tcp_pose_aa": [
        483.493896,
        275.681885,
        421.880463,
        -1.08531,
        -0.760075,
        -1.769485
      ],
      "joint_angles": [
        0.130009,
        0.673424,
        0.365379,
        1.54906,
        -0.838812,
        -1.212462,
        0.436024
      ],
      "R_gripper2base": [
        [
          -0.212075836,
          0.911738529,
          0.351790698
        ],
        [
          -0.372553703,
          -0.408222838,
          0.833401376
        ],
        [
          0.903453141,
          0.045683366,
          0.426245765
        ]
      ],
      "t_gripper2base": [
        0.483493896,
        0.275681885,
        0.421880463
      ],
      "R_target2cam": [
        [
          0.156119032,
          -0.920662623,
          -0.357780913
        ],
        [
          0.986434538,
          0.163929629,
          0.008601137
        ],
        [
          0.050732147,
          -0.35427025,
          0.933765944
        ]
      ],
      "t_target2cam": [
        -0.006264264,
        -0.336064542,
        0.60458283
      ],
      "reproj_error_px": 0.074254,
      "angle_unit": "radian",
      "position_unit": "mm",
      "original_id": 9
    },
    {
      "id": 11,
      "timestamp": "2026-03-16 18:08:28",
      "image_path": "calib_dataset/images/sample_021.png",
      "pattern_size": [
        6,
        7
      ],
      "square_size_m": 0.03,
      "tcp_pose_rpy": [
        599.155396,
        164.654449,
        173.893677,
        0.188062,
        -1.277547,
        -2.725091
      ],
      "tcp_pose_aa": [
        599.155396,
        164.654449,
        173.893677,
        -1.563082,
        -0.543382,
        -2.130796
      ],
      "joint_angles": [
        0.071666,
        1.274388,
        0.21738,
        1.884456,
        -0.546898,
        -1.223724,
        0.067145
      ],
      "R_gripper2base": [
        [
          -0.264352104,
          0.561103979,
          0.784398043
        ],
        [
          -0.116944781,
          -0.825979281,
          0.551436438
        ],
        [
          0.957309711,
          0.054042125,
          0.283967542
        ]
      ],
      "t_gripper2base": [
        0.599155396,
        0.164654449,
        0.173893677
      ],
      "R_target2cam": [
        [
          -0.061036148,
          -0.988033572,
          0.141648326
        ],
        [
          0.981670882,
          -0.085091455,
          -0.170533642
        ],
        [
          0.180546026,
          0.128643321,
          0.975117443
        ]
      ],
      "t_target2cam": [
        -0.109811341,
        -0.08527137,
        0.637087252
      ],
      "reproj_error_px": 0.075798,
      "angle_unit": "radian",
      "position_unit": "mm",
      "original_id": 21
    },
    {
      "id": 12,
      "timestamp": "2026-03-16 18:02:55",
      "image_path": "calib_dataset/images/sample_005.png",
      "pattern_size": [
        6,
        7
      ],
      "square_size_m": 0.03,
      "tcp_pose_rpy": [
        494.140137,
        284.42926,
        414.053406,
        0.127896,
        -1.254547,
        -2.443395
      ],
      "tcp_pose_aa": [
        494.140137,
        284.42926,
        414.053406,
        -1.405942,
        -0.65709,
        -1.96994
      ],
      "joint_angles": [
        0.177301,
        0.601046,
        0.358211,
        1.408778,
        -0.463501,
        -1.042097,
        0.114888
      ],
      "R_gripper2base": [
        [
          -0.238229635,
          0.730444708,
          0.640075909
        ],
        [
          -0.199925263,
          -0.681818878,
          0.703671021
        ],
        [
          0.950408612,
          0.039667946,
          0.308463813
        ]
      ],
      "t_gripper2base": [
        0.494140137,
        0.28442926,
        0.414053406
      ],
      "R_target2cam": [
        [
          0.018260922,
          -0.997799008,
          -0.063746991
        ],
        [
          0.98854076,
          0.027573335,
          -0.148414545
        ],
        [
          0.149845603,
          -0.060306313,
          0.986868504
        ]
      ],
      "t_target2cam": [
        0.030040088,
        -0.311376157,
        0.546229186
      ],
      "reproj_error_px": 0.080369,
      "angle_unit": "radian",
      "position_unit": "mm",
      "original_id": 5
    },
    {
      "id": 13,
      "timestamp": "2026-03-16 18:02:14",
      "image_path": "calib_dataset/images/sample_003.png",
      "pattern_size": [
        6,
        7
      ],
      "square_size_m": 0.03,
      "tcp_pose_rpy": [
        496.937408,
        286.643555,
        290.306915,
        0.080195,
        -1.290809,
        -2.833837
      ],
      "tcp_pose_aa": [
        496.937408,
        286.643555,
        290.306915,
        -1.695884,
        -0.35634,
        -2.260362
      ],
      "joint_angles": [
        0.482531,
        0.809621,
        0.104475,
        1.400652,
        0.141972,
        -1.273214,
        -0.183588
      ],
      "R_gripper2base": [
        [
          -0.263359863,
          0.375318669,
          0.888694255
        ],
        [
          -0.08371005,
          -0.92663144,
          0.366533494
        ],
        [
          0.9610589,
          0.02213757,
          0.275455474
        ]
      ],
      "t_gripper2base": [
        0.496937408,
        0.286643555,
        0.290306915
      ],
      "R_target2cam": [
        [
          -0.083515207,
          -0.933721224,
          0.348123378
        ],
        [
          0.977885212,
          -0.144010387,
          -0.151662523
        ],
        [
          0.191743899,
          0.327758576,
          0.925099234
        ]
      ],
      "t_target2cam": [
        0.047164869,
        -0.180361035,
        0.55245253
      ],
      "reproj_error_px": 0.081525,
      "angle_unit": "radian",
      "position_unit": "mm",
      "original_id": 3
    },
    {
      "id": 14,
      "timestamp": "2026-03-16 18:08:11",
      "image_path": "calib_dataset/images/sample_020.png",
      "pattern_size": [
        6,
        7
      ],
      "square_size_m": 0.03,
      "tcp_pose_rpy": [
        599.155396,
        164.654449,
        416.891663,
        0.188062,
        -1.277547,
        -2.725091
      ],
      "tcp_pose_aa": [
        599.155396,
        164.654449,
        416.891663,
        -1.563082,
        -0.543382,
        -2.130796
      ],
      "joint_angles": [
        -0.014961,
        0.758139,
        0.304021,
        1.707632,
        -0.572943,
        -0.907141,
        0.224179
      ],
      "R_gripper2base": [
        [
          -0.264352104,
          0.561103979,
          0.784398043
        ],
        [
          -0.116944781,
          -0.825979281,
          0.551436438
        ],
        [
          0.957309711,
          0.054042125,
          0.283967542
        ]
      ],
      "t_gripper2base": [
        0.599155396,
        0.164654449,
        0.416891663
      ],
      "R_target2cam": [
        [
          -0.062142932,
          -0.98801553,
          0.141292496
        ],
        [
          0.981159433,
          -0.086422182,
          -0.172792861
        ],
        [
          0.182932836,
          0.12789261,
          0.974771285
        ]
      ],
      "t_target2cam": [
        -0.111661532,
        -0.302941344,
        0.528629295
      ],
      "reproj_error_px": 0.082154,
      "angle_unit": "radian",
      "position_unit": "mm",
      "original_id": 20
    },
    {
      "id": 15,
      "timestamp": "2026-03-16 18:02:40",
      "image_path": "calib_dataset/images/sample_004.png",
      "pattern_size": [
        6,
        7
      ],
      "square_size_m": 0.03,
      "tcp_pose_rpy": [
        496.937408,
        286.643555,
        290.306915,
        0.080194,
        -1.290808,
        -2.12978
      ],
      "tcp_pose_aa": [
        496.937408,
        286.643555,
        290.306915,
        -1.286034,
        -0.804731,
        -1.730425
      ],
      "joint_angles": [
        0.139389,
        0.900158,
        0.37097,
        1.509299,
        -0.827723,
        -1.195261,
        0.220286
      ],
      "R_gripper2base": [
        [
          -0.146552137,
          0.88589887,
          0.440120055
        ],
        [
          -0.234283234,
          -0.463349902,
          0.854645093
        ],
        [
          0.961058706,
          0.022137314,
          0.275456171
        ]
      ],
      "t_gripper2base": [
        0.496937408,
        0.286643555,
        0.290306915
      ],
      "R_target2cam": [
        [
          0.104308778,
          -0.944611512,
          -0.311173216
        ],
        [
          0.973838234,
          0.160522198,
          -0.160846875
        ],
        [
          0.201888019,
          -0.286254634,
          0.936642681
        ]
      ],
      "t_target2cam": [
        0.006777144,
        -0.207231205,
        0.607955394
      ],
      "reproj_error_px": 0.082723,
      "angle_unit": "radian",
      "position_unit": "mm",
      "original_id": 4
    },
    {
      "id": 16,
      "timestamp": "2026-03-16 18:05:40",
      "image_path": "calib_dataset/images/sample_013.png",
      "pattern_size": [
        6,
        7
      ],
      "square_size_m": 0.03,
      "tcp_pose_rpy": [
        506.968079,
        302.911316,
        155.825623,
        0.40858,
        -1.483107,
        -2.529002
      ],
      "tcp_pose_aa": [
        506.968079,
        302.911316,
        155.825623,
        -1.517789,
        -0.886742,
        -1.67764
      ],
      "joint_angles": [
        0.187495,
        1.185688,
        0.344437,
        1.624439,
        -0.792478,
        -1.103796,
        0.046155
      ],
      "R_gripper2base": [
        [
          -0.071651995,
          0.851470904,
          0.519483678
        ],
        [
          -0.05035569,
          -0.523246231,
          0.850692474
        ],
        [
          0.996157767,
          0.034794854,
          0.080368042
        ]
      ],
      "t_gripper2base": [
        0.506968079,
        0.302911316,
        0.155825623
      ],
      "R_target2cam": [
        [
          0.025699945,
          -0.965802149,
          -0.258003337
        ],
        [
          0.928307557,
          0.118819681,
          -0.352316566
        ],
        [
          0.370923971,
          -0.230451931,
          0.899615093
        ]
      ],
      "t_target2cam": [
        0.032216627,
        -0.063668213,
        0.608003812
      ],
      "reproj_error_px": 0.088113,
      "angle_unit": "radian",
      "position_unit": "mm",
      "original_id": 13
    },
    {
      "id": 17,
      "timestamp": "2026-03-16 18:01:23",
      "image_path": "calib_dataset/images/sample_001.png",
      "pattern_size": [
        6,
        7
      ],
      "square_size_m": 0.03,
      "tcp_pose_rpy": [
        474.387329,
        267.101807,
        306.201782,
        0.034375,
        -1.016166,
        -2.482744
      ],
      "tcp_pose_aa": [
        474.387329,
        267.101807,
        306.201782,
        -1.214648,
        -0.457591,
        -2.197358
      ],
      "joint_angles": [
        0.303107,
        0.822997,
        0.246438,
        1.394521,
        -0.286562,
        -1.514717,
        -0.041961
      ],
      "R_gripper2base": [
        [
          -0.416404454,
          0.634947086,
          0.650729997
        ],
        [
          -0.322406293,
          -0.772343578,
          0.547302091
        ],
        [
          0.850095003,
          0.018099582,
          0.526318242
        ]
      ],
      "t_gripper2base": [
        0.474387329,
        0.267101807,
        0.306201782
      ],
      "R_target2cam": [
        [
          -0.017043244,
          -0.99800959,
          0.060715609
        ],
        [
          0.995279905,
          -0.011131643,
          0.096405383
        ],
        [
          -0.095537632,
          0.062072086,
          0.993488609
        ]
      ],
      "t_target2cam": [
        0.039757836,
        -0.223994909,
        0.658265772
      ],
      "reproj_error_px": 0.09134,
      "angle_unit": "radian",
      "position_unit": "mm",
      "original_id": 1
    },
    {
      "id": 18,
      "timestamp": "2026-03-16 18:08:56",
      "image_path": "calib_dataset/images/sample_022.png",
      "pattern_size": [
        6,
        7
      ],
      "square_size_m": 0.03,
      "tcp_pose_rpy": [
        599.155396,
        164.654449,
        173.893677,
        0.188062,
        -1.277547,
        -2.877604
      ],
      "tcp_pose_aa": [
        599.155396,
        164.654449,
        173.893677,
        -1.652137,
        -0.436516,
        -2.241793
      ],
      "joint_angles": [
        0.137465,
        1.249216,
        0.154438,
        1.843635,
        -0.319548,
        -1.246299,
        -0.018401
      ],
      "R_gripper2base": [
        [
          -0.279049877,
          0.429106636,
          0.859068484
        ],
        [
          -0.075426265,
          -0.901635699,
          0.42586846
        ],
        [
          0.957309796,
          0.054042214,
          0.283967242
        ]
      ],
      "t_gripper2base": [
        0.599155396,
        0.164654449,
        0.173893677
      ],
      "R_target2cam": [
        [
          -0.101966152,
          -0.953752921,
          0.282768934
        ],
        [
          0.97591982,
          -0.151005053,
          -0.157410225
        ],
        [
          0.19283,
          0.259909293,
          0.946183783
        ]
      ],
      "t_target2cam": [
        -0.103916478,
        -0.078152158,
        0.622343241
      ],
      "reproj_error_px": 0.092733,
      "angle_unit": "radian",
      "position_unit": "mm",
      "original_id": 22
    },
    {
      "id": 19,
      "timestamp": "2026-03-16 18:07:12",
      "image_path": "calib_dataset/images/sample_016.png",
      "pattern_size": [
        6,
        7
      ],
      "square_size_m": 0.03,
      "tcp_pose_rpy": [
        403.737823,
        525.605835,
        383.365387,
        2.995867,
        -1.542473,
        1.003484
      ],
      "tcp_pose_aa": [
        403.737823,
        525.605835,
        383.365387,
        -1.739051,
        -0.799477,
        -1.694171
      ],
      "joint_angles": [
        0.909121,
        0.759605,
        0.062229,
        1.721352,
        0.175807,
        -0.591267,
        -0.190854
      ],
      "R_gripper2base": [
        [
          0.015218151,
          0.756410064,
          0.653920655
        ],
        [
          0.02388358,
          -0.654084784,
          0.756044093
        ],
        [
          0.999598911,
          0.004112373,
          -0.028019741
        ]
      ],
      "t_gripper2base": [
        0.403737823,
        0.525605835,
        0.383365387
      ],
      "R_target2cam": [
        [
          0.032231931,
          -0.994567802,
          -0.098974688
        ],
        [
          0.881498117,
          0.074961528,
          -0.466199356
        ],
        [
          0.471086162,
          -0.072219496,
          0.8791258
        ]
      ],
      "t_target2cam": [
        0.264080558,
        -0.219144768,
        0.396947822
      ],
      "reproj_error_px": 0.099265,
      "angle_unit": "radian",
      "position_unit": "mm",
      "original_id": 16
    }
  ]
}