{
  "meta": {
    "created_at": "2026-03-18 12:37:15",
    "robot_ip": "192.168.1.225",
    "robot_model": "xArm7",
    "pose_file": "robot_poses_30.json",
    "pattern_size": [
      6,
      7
    ],
    "square_size_m": 0.03,
    "use_radians": true,
    "angle_unit": "radian",
    "position_unit": "mm",
    "num_samples": 26
  },
  "samples": [
    {
      "id": 0,
      "timestamp": "2026-03-18 12:29:11",
      "image_path": "calib_dataset/images/sample_000.png",
      "pattern_size": [
        6,
        7
      ],
      "square_size_m": 0.03,
      "tcp_pose_rpy": [
        396.758331,
        458.095947,
        358.619415,
        -2.638012,
        -1.465719,
        0.464839
      ],
      "tcp_pose_aa": [
        396.758331,
        458.095947,
        358.619415,
        -1.732162,
        -0.858101,
        -1.537899
      ],
      "joint_angles": [
        0.432729,
        0.656079,
        0.561459,
        1.363162,
        -0.066262,
        -0.674584,
        -0.233952
      ],
      "R_gripper2base": [
        [
          0.093755481,
          0.821612158,
          0.562284067
        ],
        [
          0.047017446,
          -0.567795505,
          0.821825787
        ],
        [
          0.994484424,
          -0.050613511,
          -0.091864046
        ]
      ],
      "t_gripper2base": [
        0.396758331,
        0.458095947,
        0.358619415
      ],
      "R_target2cam": [
        [
          -0.012808485,
          -0.687519796,
          -0.726052666
        ],
        [
          0.803528757,
          0.425088152,
          -0.416703251
        ],
        [
          0.59512812,
          -0.588741533,
          0.546997192
        ]
      ],
      "t_target2cam": [
        -0.121815808,
        -0.242571266,
        0.425711232
      ],
      "reproj_error_px": 0.186955,
      "angle_unit": "radian",
      "position_unit": "mm"
    },
    {
      "id": 1,
      "timestamp": "2026-03-18 12:29:24",
      "image_path": "calib_dataset/images/sample_001.png",
      "pattern_size": [
        6,
        7
      ],
      "square_size_m": 0.03,
      "tcp_pose_rpy": [
        376.276367,
        447.016357,
        359.546173,
        -0.341852,
        -1.427893,
        -1.702117
      ],
      "tcp_pose_aa": [
        376.276367,
        447.016357,
        359.546173,
        -1.437106,
        -0.828737,
        -1.597197
      ],
      "joint_angles": [
        0.452716,
        0.681353,
        0.489062,
        1.352714,
        -0.349022,
        -0.927407,
        -0.012253
      ],
      "R_gripper2base": [
        [
          -0.018648569,
          0.890574558,
          0.454454825
        ],
        [
          -0.141191132,
          -0.452324627,
          0.880606323
        ],
        [
          0.989806696,
          -0.047742944,
          0.134176437
        ]
      ],
      "t_gripper2base": [
        0.376276367,
        0.447016357,
        0.359546173
      ],
      "R_target2cam": [
        [
          0.151368808,
          -0.577540253,
          -0.802206171
        ],
        [
          0.867341375,
          0.466877771,
          -0.172464736
        ],
        [
          0.474137556,
          -0.669680822,
          0.571595289
        ]
      ],
      "t_target2cam": [
        -0.175391685,
        -0.272296915,
        0.478908734
      ],
      "reproj_error_px": 0.135793,
      "angle_unit": "radian",
      "position_unit": "mm"
    },
    {
      "id": 2,
      "timestamp": "2026-03-18 12:29:37",
      "image_path": "calib_dataset/images/sample_002.png",
      "pattern_size": [
        6,
        7
      ],
      "square_size_m": 0.03,
      "tcp_pose_rpy": [
        389.799103,
        461.288849,
        336.475281,
        -2.712777,
        -1.453571,
        0.611218
      ],
      "tcp_pose_aa": [
        389.799103,
        461.288849,
        336.475281,
        -1.696072,
        -0.919662,
        -1.482065
      ],
      "joint_angles": [
        0.505895,
        0.666837,
        0.426779,
        1.353946,
        -0.247417,
        -0.699441,
        -0.041673
      ],
      "R_gripper2base": [
        [
          0.095781849,
          0.860084546,
          0.501079247
        ],
        [
          0.067117625,
          -0.507828414,
          0.85883964
        ],
        [
          0.99313698,
          -0.04863,
          -0.106367576
        ]
      ],
      "t_gripper2base": [
        0.389799103,
        0.461288849,
        0.336475281
      ],
      "R_target2cam": [
        [
          -0.035275515,
          -0.632387914,
          -0.773848282
        ],
        [
          0.797639824,
          0.448700045,
          -0.403037195
        ],
        [
          0.60210161,
          -0.631469552,
          0.48858966
        ]
      ],
      "t_target2cam": [
        -0.117160752,
        -0.227294156,
        0.445428525
      ],
      "reproj_error_px": 0.13799,
      "angle_unit": "radian",
      "position_unit": "mm"
    },
    {
      "id": 3,
      "timestamp": "2026-03-18 12:29:51",
      "image_path": "calib_dataset/images/sample_003.png",
      "pattern_size": [
        6,
        7
      ],
      "square_size_m": 0.03,
      "tcp_pose_rpy": [
        389.799103,
        461.288849,
        336.475342,
        -2.712775,
        -1.45357,
        0.290742
      ],
      "tcp_pose_aa": [
        389.799103,
        461.288849,
        336.475342,
        -1.910021,
        -0.668393,
        -1.685161
      ],
      "joint_angles": [
        0.875848,
        0.632984,
        0.078655,
        1.378657,
        0.326328,
        -0.751781,
        -0.217334
      ],
      "R_gripper2base": [
        [
          0.112048966,
          0.656320195,
          0.74611583
        ],
        [
          0.033527459,
          -0.752913593,
          0.65726481
        ],
        [
          0.993136918,
          -0.048630474,
          -0.106367938
        ]
      ],
      "t_gripper2base": [
        0.389799103,
        0.461288849,
        0.336475342
      ],
      "R_target2cam": [
        [
          0.008433075,
          -0.844808762,
          -0.535001905
        ],
        [
          0.795605236,
          0.329772605,
          -0.508195176
        ],
        [
          0.605756709,
          -0.421364669,
          0.674915272
        ]
      ],
      "t_target2cam": [
        -0.107033799,
        -0.215550262,
        0.42585856
      ],
      "reproj_error_px": 0.138433,
      "angle_unit": "radian",
      "position_unit": "mm"
    },
    {
      "id": 4,
      "timestamp": "2026-03-18 12:30:06",
      "image_path": "calib_dataset/images/sample_004.png",
      "pattern_size": [
        6,
        7
      ],
      "square_size_m": 0.03,
      "tcp_pose_rpy": [
        389.799103,
        461.288818,
        336.475372,
        -2.712775,
        -1.453571,
        0.706943
      ],
      "tcp_pose_aa": [
        389.799103,
        461.288818,
        336.475372,
        -1.629034,
        -0.986977,
        -1.418929
      ],
      "joint_angles": [
        0.376247,
        0.711625,
        0.568829,
        1.365521,
        -0.415098,
        -0.661124,
        -0.01965
      ],
      "R_gripper2base": [
        [
          0.088928393,
          0.904685384,
          0.416696648
        ],
        [
          0.075965064,
          -0.42329594,
          0.902801116
        ],
        [
          0.993136974,
          -0.048630265,
          -0.106367511
        ]
      ],
      "t_gripper2base": [
        0.389799103,
        0.461288818,
        0.336475372
      ],
      "R_target2cam": [
        [
          -0.048685892,
          -0.555802072,
          -0.829887788
        ],
        [
          0.79964475,
          0.476175389,
          -0.365821368
        ],
        [
          0.598496414,
          -0.681425752,
          0.421261186
        ]
      ],
      "t_target2cam": [
        -0.121670419,
        -0.230009457,
        0.450688082
      ],
      "reproj_error_px": 0.136536,
      "angle_unit": "radian",
      "position_unit": "mm"
    },
    {
      "id": 5,
      "timestamp": "2026-03-18 12:30:19",
      "image_path": "calib_dataset/images/sample_005.png",
      "pattern_size": [
        6,
        7
      ],
      "square_size_m": 0.03,
      "tcp_pose_rpy": [
        389.799103,
        461.288818,
        250.30658,
        -2.712775,
        -1.453571,
        0.670526
      ],
      "tcp_pose_aa": [
        389.799103,
        461.288818,
        250.30658,
        -1.654691,
        -0.961777,
        -1.443068
      ],
      "joint_angles": [
        0.482011,
        0.872971,
        0.450763,
        1.386884,
        -0.358926,
        -0.824632,
        -0.087209
      ],
      "R_gripper2base": [
        [
          0.091635186,
          0.888673562,
          0.449290879
        ],
        [
          0.072676801,
          -0.455954388,
          0.887030822
        ],
        [
          0.993136987,
          -0.048630211,
          -0.106367417
        ]
      ],
      "t_gripper2base": [
        0.389799103,
        0.461288818,
        0.25030658
      ],
      "R_target2cam": [
        [
          -0.042569631,
          -0.587832059,
          -0.807862177
        ],
        [
          0.798256171,
          0.466242706,
          -0.381319846
        ],
        [
          0.600811877,
          -0.661113613,
          0.449392788
        ]
      ],
      "t_target2cam": [
        -0.120402129,
        -0.153763688,
        0.491590731
      ],
      "reproj_error_px": 0.194184,
      "angle_unit": "radian",
      "position_unit": "mm"
    },
    {
      "id": 6,
      "timestamp": "2026-03-18 12:30:40",
      "image_path": "calib_dataset/images/sample_006.png",
      "pattern_size": [
        6,
        7
      ],
      "square_size_m": 0.03,
      "tcp_pose_rpy": [
        389.799103,
        461.288818,
        250.30658,
        -2.712777,
        -1.453571,
        0.107615
      ],
      "tcp_pose_aa": [
        389.799103,
        461.288818,
        250.30658,
        -2.023825,
        -0.506125,
        -1.794451
      ],
      "joint_angles": [
        0.9829,
        0.844318,
        -0.006654,
        1.46456,
        0.56314,
        -0.913095,
        -0.263983
      ],
      "R_gripper2base": [
        [
          0.116280484,
          0.508234662,
          0.853332513
        ],
        [
          0.012562154,
          -0.85984455,
          0.510401355
        ],
        [
          0.99313697,
          -0.048630022,
          -0.106367663
        ]
      ],
      "t_gripper2base": [
        0.389799103,
        0.461288818,
        0.25030658
      ],
      "R_target2cam": [
        [
          0.031614639,
          -0.927538387,
          -0.372388313
        ],
        [
          0.797106175,
          0.248176471,
          -0.550481775
        ],
        [
          0.603010995,
          -0.279429741,
          0.747192585
        ]
      ],
      "t_target2cam": [
        -0.104854173,
        -0.133367366,
        0.45685648
      ],
      "reproj_error_px": 0.170528,
      "angle_unit": "radian",
      "position_unit": "mm"
    },
    {
      "id": 7,
      "timestamp": "2026-03-18 12:30:57",
      "image_path": "calib_dataset/images/sample_007.png",
      "pattern_size": [
        6,
        7
      ],
      "square_size_m": 0.03,
      "tcp_pose_rpy": [
        389.799103,
        461.288818,
        250.30658,
        -2.712776,
        -1.453571,
        0.319878
      ],
      "tcp_pose_aa": [
        389.799103,
        461.288818,
        250.30658,
        -1.891307,
        -0.692929,
        -1.667284
      ],
      "joint_angles": [
        0.806728,
        0.822236,
        0.150895,
        1.401119,
        0.214492,
        -0.907666,
        -0.178674
      ],
      "R_gripper2base": [
        [
          0.111024621,
          0.67797359,
          0.726653525
        ],
        [
          0.036777275,
          -0.733475909,
          0.678719768
        ],
        [
          0.993136932,
          -0.048630268,
          -0.106367906
        ]
      ],
      "t_gripper2base": [
        0.389799103,
        0.461288818,
        0.25030658
      ],
      "R_target2cam": [
        [
          0.004991746,
          -0.829175088,
          -0.558966686
        ],
        [
          0.795181993,
          0.342229426,
          -0.5005643
        ],
        [
          0.606350295,
          -0.441981553,
          0.661053422
        ]
      ],
      "t_target2cam": [
        -0.108139547,
        -0.141649336,
        0.470752269
      ],
      "reproj_error_px": 0.222338,
      "angle_unit": "radian",
      "position_unit": "mm"
    },
    {
      "id": 8,
      "timestamp": "2026-03-18 12:31:15",
      "image_path": "calib_dataset/images/sample_008.png",
      "pattern_size": [
        6,
        7
      ],
      "square_size_m": 0.03,
      "tcp_pose_rpy": [
        376.605591,
        439.782135,
        277.625885,
        -0.270557,
        -1.377999,
        -2.194924
      ],
      "tcp_pose_aa": [
        376.605591,
        439.782135,
        277.625885,
        -1.636953,
        -0.523573,
        -1.937551
      ],
      "joint_angles": [
        0.797768,
        0.82346,
        0.165062,
        1.402034,
        0.225081,
        -1.211731,
        -0.194461
      ],
      "R_gripper2base": [
        [
          -0.111972041,
          0.628658353,
          0.769578415
        ],
        [
          -0.155482276,
          -0.775993698,
          0.611276568
        ],
        [
          0.981472121,
          -0.051209919,
          0.184634829
        ]
      ],
      "t_gripper2base": [
        0.376605591,
        0.439782135,
        0.277625885
      ],
      "R_target2cam": [
        [
          0.161223307,
          -0.859564443,
          -0.484928875
        ],
        [
          0.911777244,
          0.31778117,
          -0.260148773
        ],
        [
          0.377715901,
          -0.400205068,
          0.83496503
        ]
      ],
      "t_target2cam": [
        -0.159179032,
        -0.19721771,
        0.517294011
      ],
      "reproj_error_px": 0.168752,
      "angle_unit": "radian",
      "position_unit": "mm"
    },
    {
      "id": 9,
      "timestamp": "2026-03-18 12:31:34",
      "image_path": "calib_dataset/images/sample_009.png",
      "pattern_size": [
        6,
        7
      ],
      "square_size_m": 0.03,
      "tcp_pose_rpy": [
        392.412415,
        467.385834,
        239.816681,
        -2.890054,
        -1.360357,
        0.521397
      ],
      "tcp_pose_aa": [
        392.412415,
        467.385834,
        239.816681,
        -1.968594,
        -0.746891,
        -1.568917
      ],
      "joint_angles": [
        0.817239,
        0.820934,
        0.13437,
        1.400105,
        0.205103,
        -0.80562,
        -0.160575
      ],
      "R_gripper2base": [
        [
          0.181133028,
          0.693477958,
          0.697337183
        ],
        [
          0.104046015,
          -0.718599488,
          0.687596686
        ],
        [
          0.977939289,
          -0.051991315,
          -0.202315719
        ]
      ],
      "t_gripper2base": [
        0.392412415,
        0.467385834,
        0.239816681
      ],
      "R_target2cam": [
        [
          -0.051784862,
          -0.817489527,
          -0.57361067
        ],
        [
          0.741419626,
          0.353329366,
          -0.570486894
        ],
        [
          0.669040556,
          -0.454828794,
          0.587805667
        ]
      ],
      "t_target2cam": [
        -0.091107536,
        -0.119865833,
        0.460447397
      ],
      "reproj_error_px": 0.218681,
      "angle_unit": "radian",
      "position_unit": "mm"
    },
    {
      "id": 10,
      "timestamp": "2026-03-18 12:31:54",
      "image_path": "calib_dataset/images/sample_010.png",
      "pattern_size": [
        6,
        7
      ],
      "square_size_m": 0.03,
      "tcp_pose_rpy": [
        243.517273,
        545.212769,
        259.475769,
        -1.90279,
        -1.520648,
        -0.641683
      ],
      "tcp_pose_aa": [
        243.517273,
        545.212769,
        259.475769,
        -1.895218,
        -0.534828,
        -1.837469
      ],
      "joint_angles": [
        1.244651,
        0.898963,
        0.087293,
        1.59342,
        0.818384,
        -1.083116,
        -0.492259
      ],
      "R_gripper2base": [
        [
          0.040156776,
          0.561310928,
          0.826630193
        ],
        [
          -0.030003681,
          -0.826247049,
          0.562508305
        ],
        [
          0.998742816,
          -0.047390469,
          -0.016338024
        ]
      ],
      "t_gripper2base": [
        0.243517273,
        0.545212769,
        0.259475769
      ],
      "R_target2cam": [
        [
          0.061252202,
          -0.904941163,
          -0.421105283
        ],
        [
          0.841190293,
          0.273897025,
          -0.466239543
        ],
        [
          0.537258838,
          -0.325671478,
          0.778004518
        ]
      ],
      "t_target2cam": [
        -0.007059062,
        -0.218002975,
        0.583390783
      ],
      "reproj_error_px": 0.254821,
      "angle_unit": "radian",
      "position_unit": "mm"
    },
    {
      "id": 11,
      "timestamp": "2026-03-18 12:32:12",
      "image_path": "calib_dataset/images/sample_011.png",
      "pattern_size": [
        6,
        7
      ],
      "square_size_m": 0.03,
      "tcp_pose_rpy": [
        243.517288,
        545.212769,
        259.475769,
        -1.902791,
        -1.520647,
        -0.89813
      ],
      "tcp_pose_aa": [
        243.517288,
        545.212769,
        259.475769,
        -2.042718,
        -0.30209,
        -1.993267
      ],
      "joint_angles": [
        1.197223,
        1.009619,
        0.227044,
        1.82603,
        1.037938,
        -1.250162,
        -0.756168
      ],
      "R_gripper2base": [
        [
          0.031233589,
          0.333379772,
          0.942275114
        ],
        [
          -0.039208394,
          -0.941600782,
          0.334440832
        ],
        [
          0.998742792,
          -0.047390882,
          -0.016338286
        ]
      ],
      "t_gripper2base": [
        0.243517288,
        0.545212769,
        0.259475769
      ],
      "R_target2cam": [
        [
          0.069852781,
          -0.981941547,
          -0.175816348
        ],
        [
          0.851833017,
          0.15043482,
          -0.501746825
        ],
        [
          0.519134954,
          -0.114717759,
          0.84695852
        ]
      ],
      "t_target2cam": [
        -0.003039419,
        -0.208581464,
        0.567218497
      ],
      "reproj_error_px": 0.32444,
      "angle_unit": "radian",
      "position_unit": "mm"
    },
    {
      "id": 12,
      "timestamp": "2026-03-18 12:32:30",
      "image_path": "calib_dataset/images/sample_012.png",
      "pattern_size": [
        6,
        7
      ],
      "square_size_m": 0.03,
      "tcp_pose_rpy": [
        243.517288,
        545.212769,
        259.475769,
        -1.902797,
        -1.520647,
        -0.474008
      ],
      "tcp_pose_aa": [
        243.517288,
        545.212769,
        259.475769,
        -1.79216,
        -0.672283,
        -1.729785
      ],
      "joint_angles": [
        1.136563,
        0.864435,
        0.189739,
        1.499332,
        0.571716,
        -1.062796,
        -0.410585
      ],
      "R_gripper2base": [
        [
          0.044601125,
          0.691325637,
          0.721165448
        ],
        [
          -0.022881247,
          -0.720987515,
          0.692570178
        ],
        [
          0.998742804,
          -0.047390574,
          -0.016338462
        ]
      ],
      "t_gripper2base": [
        0.243517288,
        0.545212769,
        0.259475769
      ],
      "R_target2cam": [
        [
          0.052819043,
          -0.820712724,
          -0.568894342
        ],
        [
          0.836500805,
          0.347514206,
          -0.423674734
        ],
        [
          0.545414111,
          -0.453502481,
          0.704882222
        ]
      ],
      "t_target2cam": [
        -0.012775777,
        -0.223743398,
        0.592925454
      ],
      "reproj_error_px": 0.248064,
      "angle_unit": "radian",
      "position_unit": "mm"
    },
    {
      "id": 13,
      "timestamp": "2026-03-18 12:32:49",
      "image_path": "calib_dataset/images/sample_013.png",
      "pattern_size": [
        6,
        7
      ],
      "square_size_m": 0.03,
      "tcp_pose_rpy": [
        243.517288,
        545.212769,
        146.239563,
        -1.902798,
        -1.520647,
        -0.474008
      ],
      "tcp_pose_aa": [
        243.517288,
        545.212769,
        146.239563,
        -1.79216,
        -0.672283,
        -1.729785
      ],
      "joint_angles": [
        1.165022,
        1.149335,
        0.136563,
        1.637691,
        0.496871,
        -1.170134,
        -0.291669
      ],
      "R_gripper2base": [
        [
          0.044601125,
          0.691325637,
          0.721165448
        ],
        [
          -0.022881247,
          -0.720987515,
          0.692570178
        ],
        [
          0.998742804,
          -0.047390574,
          -0.016338462
        ]
      ],
      "t_gripper2base": [
        0.243517288,
        0.545212769,
        0.146239563
      ],
      "R_target2cam": [
        [
          0.052251247,
          -0.81946744,
          -0.570738926
        ],
        [
          0.836595395,
          0.348009108,
          -0.423081324
        ],
        [
          0.545323714,
          -0.455371031,
          0.703746596
        ]
      ],
      "t_target2cam": [
        -0.012832644,
        -0.125507913,
        0.64956306
      ],
      "reproj_error_px": 0.246326,
      "angle_unit": "radian",
      "position_unit": "mm"
    },
    {
      "id": 14,
      "timestamp": "2026-03-18 12:33:14",
      "image_path": "calib_dataset/images/sample_014.png",
      "pattern_size": [
        6,
        7
      ],
      "square_size_m": 0.03,
      "tcp_pose_rpy": [
        243.517288,
        545.212769,
        146.239563,
        -1.902799,
        -1.520647,
        -0.836062
      ],
      "tcp_pose_aa": [
        243.517288,
        545.212769,
        146.239563,
        -2.00826,
        -0.360987,
        -1.956659
      ],
      "joint_angles": [
        1.226596,
        1.251959,
        0.158973,
        1.893342,
        0.925438,
        -1.258925,
        -0.553549
      ],
      "R_gripper2base": [
        [
          0.033605169,
          0.391135337,
          0.919719436
        ],
        [
          -0.037195315,
          -0.919112233,
          0.392236169
        ],
        [
          0.99874281,
          -0.047390417,
          -0.01633852
        ]
      ],
      "t_gripper2base": [
        0.243517288,
        0.545212769,
        0.146239563
      ],
      "R_target2cam": [
        [
          0.06968595,
          -0.968602399,
          -0.238648825
        ],
        [
          0.850825884,
          0.182605591,
          -0.492697182
        ],
        [
          0.520806282,
          -0.168714527,
          0.836837036
        ]
      ],
      "t_target2cam": [
        -0.003898924,
        -0.113084562,
        0.628328056
      ],
      "reproj_error_px": 0.296057,
      "angle_unit": "radian",
      "position_unit": "mm"
    },
    {
      "id": 15,
      "timestamp": "2026-03-18 12:33:39",
      "image_path": "calib_dataset/images/sample_015.png",
      "pattern_size": [
        6,
        7
      ],
      "square_size_m": 0.03,
      "tcp_pose_rpy": [
        243.517273,
        545.212769,
        146.239563,
        -1.902794,
        -1.520647,
        -0.375071
      ],
      "tcp_pose_aa": [
        243.517273,
        545.212769,
        146.239563,
        -1.729209,
        -0.748179,
        -1.664385
      ],
      "joint_angles": [
        1.114379,
        1.138079,
        0.174623,
        1.599149,
        0.352527,
        -1.163405,
        -0.258895
      ],
      "R_gripper2base": [
        [
          0.046643227,
          0.759163588,
          0.649226506
        ],
        [
          -0.018363817,
          -0.649172372,
          0.760419622
        ],
        [
          0.9987428,
          -0.047390702,
          -0.016338353
        ]
      ],
      "t_gripper2base": [
        0.243517273,
        0.545212769,
        0.146239563
      ],
      "R_target2cam": [
        [
          0.047506387,
          -0.760917438,
          -0.647107252
        ],
        [
          0.832621809,
          0.388048013,
          -0.395170422
        ],
        [
          0.551800748,
          -0.520022492,
          0.651991213
        ]
      ],
      "t_target2cam": [
        -0.016943002,
        -0.12840643,
        0.654399685
      ],
      "reproj_error_px": 0.251076,
      "angle_unit": "radian",
      "position_unit": "mm"
    },
    {
      "id": 16,
      "timestamp": "2026-03-18 12:34:02",
      "image_path": "calib_dataset/images/sample_016.png",
      "pattern_size": [
        6,
        7
      ],
      "square_size_m": 0.03,
      "tcp_pose_rpy": [
        235.887802,
        532.209229,
        159.70517,
        -0.375718,
        -1.430808,
        -2.256294
      ],
      "tcp_pose_aa": [
        235.887802,
        532.209229,
        159.70517,
        -1.789795,
        -0.41393,
        -2.012285
      ],
      "joint_angles": [
        1.209465,
        1.190657,
        0.133047,
        1.745337,
        0.735207,
        -1.366564,
        -0.412258
      ],
      "R_gripper2base": [
        [
          -0.088331713,
          0.490083163,
          0.867188562
        ],
        [
          -0.108011966,
          -0.870170714,
          0.480766412
        ],
        [
          0.990217614,
          -0.05119982,
          0.129798516
        ]
      ],
      "t_gripper2base": [
        0.235887802,
        0.532209229,
        0.15970517
      ],
      "R_target2cam": [
        [
          0.118429524,
          -0.935989199,
          -0.331509679
        ],
        [
          0.905648959,
          0.238713655,
          -0.350450786
        ],
        [
          0.407154037,
          -0.258727676,
          0.875948389
        ]
      ],
      "t_target2cam": [
        -0.029012215,
        -0.14701469,
        0.663886375
      ],
      "reproj_error_px": 0.242311,
      "angle_unit": "radian",
      "position_unit": "mm"
    },
    {
      "id": 17,
      "timestamp": "2026-03-18 12:34:28",
      "image_path": "calib_dataset/images/sample_017.png",
      "pattern_size": [
        6,
        7
      ],
      "square_size_m": 0.03,
      "tcp_pose_rpy": [
        247.126373,
        553.581848,
        136.17717,
        -2.727175,
        -1.445465,
        0.213216
      ],
      "tcp_pose_aa": [
        247.126373,
        553.581848,
        136.17717,
        -1.975956,
        -0.589495,
        -1.732545
      ],
      "joint_angles": [
        1.21556,
        1.189606,
        0.123171,
        1.743861,
        0.736834,
        -1.088616,
        -0.40512
      ],
      "R_gripper2base": [
        [
          0.12217258,
          0.584143873,
          0.802402515
        ],
        [
          0.026451217,
          -0.810087952,
          0.5857114
        ],
        [
          0.992156335,
          -0.05033335,
          -0.114421851
        ]
      ],
      "t_gripper2base": [
        0.247126373,
        0.553581848,
        0.13617717
      ],
      "R_target2cam": [
        [
          0.884261909,
          -0.009295238,
          -0.466898784
        ],
        [
          -0.290139134,
          0.77248661,
          -0.56487496
        ],
        [
          0.365923705,
          0.63496302,
          0.680383572
        ]
      ],
      "t_target2cam": [
        -0.145686142,
        -0.068297037,
        0.52157815
      ],
      "reproj_error_px": 2.004509,
      "angle_unit": "radian",
      "position_unit": "mm"
    },
    {
      "id": 18,
      "timestamp": "2026-03-18 12:34:51",
      "image_path": "calib_dataset/images/sample_018.png",
      "pattern_size": [
        6,
        7
      ],
      "square_size_m": 0.03,
      "tcp_pose_rpy": [
        345.477844,
        553.581848,
        195.038269,
        -2.727175,
        -1.445465,
        0.213216
      ],
      "tcp_pose_aa": [
        345.477844,
        553.581848,
        195.038269,
        -1.975956,
        -0.589495,
        -1.732545
      ],
      "joint_angles": [
        1.111189,
        1.134428,
        0.040059,
        1.85991,
        0.682178,
        -0.860489,
        -0.415314
      ],
      "R_gripper2base": [
        [
          0.12217258,
          0.584143873,
          0.802402515
        ],
        [
          0.026451217,
          -0.810087952,
          0.5857114
        ],
        [
          0.992156335,
          -0.05033335,
          -0.114421851
        ]
      ],
      "t_gripper2base": [
        0.345477844,
        0.553581848,
        0.195038269
      ],
      "R_target2cam": [
        [
          0.014976085,
          -0.889910732,
          -0.455888809
        ],
        [
          0.79235759,
          0.288659101,
          -0.537443368
        ],
        [
          0.609873074,
          -0.35317816,
          0.709450506
        ]
      ],
      "t_target2cam": [
        -0.006571651,
        -0.101559589,
        0.51404934
      ],
      "reproj_error_px": 0.304309,
      "angle_unit": "radian",
      "position_unit": "mm"
    },
    {
      "id": 19,
      "timestamp": "2026-03-18 12:35:11",
      "image_path": "calib_dataset/images/sample_019.png",
      "pattern_size": [
        6,
        7
      ],
      "square_size_m": 0.03,
      "tcp_pose_rpy": [
        335.072784,
        533.648315,
        217.345337,
        -0.410895,
        -1.444282,
        -2.212587
      ],
      "tcp_pose_aa": [
        335.072784,
        533.648315,
        217.345337,
        -1.800654,
        -0.425794,
        -1.995649
      ],
      "joint_angles": [
        1.103059,
        1.135141,
        0.0544,
        1.861526,
        0.675268,
        -1.122495,
        -0.423271
      ],
      "R_gripper2base": [
        [
          -0.075533552,
          0.497150068,
          0.864370576
        ],
        [
          -0.101071026,
          -0.866199604,
          0.489369895
        ],
        [
          0.992007727,
          -0.050398975,
          0.1156746
        ]
      ],
      "t_gripper2base": [
        0.335072784,
        0.533648315,
        0.217345337
      ],
      "R_target2cam": [
        [
          0.111745291,
          -0.932215596,
          -0.344219513
        ],
        [
          0.90047302,
          0.241497737,
          -0.361700406
        ],
        [
          0.420310993,
          -0.269542067,
          0.866421227
        ]
      ],
      "t_target2cam": [
        -0.042416916,
        -0.14729464,
        0.548894634
      ],
      "reproj_error_px": 0.274549,
      "angle_unit": "radian",
      "position_unit": "mm"
    },
    {
      "id": 20,
      "timestamp": "2026-03-18 12:35:29",
      "image_path": "calib_dataset/images/sample_020.png",
      "pattern_size": [
        6,
        7
      ],
      "square_size_m": 0.03,
      "tcp_pose_rpy": [
        323.63623,
        518.587524,
        230.305176,
        -0.230339,
        -1.281111,
        -2.47308
      ],
      "tcp_pose_aa": [
        323.63623,
        518.587524,
        230.305176,
        -1.655386,
        -0.30173,
        -2.170312
      ],
      "joint_angles": [
        1.090157,
        1.136412,
        0.076979,
        1.863747,
        0.660386,
        -1.315511,
        -0.434378
      ],
      "R_gripper2base": [
        [
          -0.224162677,
          0.43175131,
          0.873694398
        ],
        [
          -0.177051574,
          -0.899631967,
          0.399142911
        ],
        [
          0.958333884,
          -0.065216025,
          0.27810616
        ]
      ],
      "t_gripper2base": [
        0.32363623,
        0.518587524,
        0.230305176
      ],
      "R_target2cam": [
        [
          0.165860912,
          -0.954242079,
          -0.248821649
        ],
        [
          0.953085987,
          0.21990084,
          -0.208016157
        ],
        [
          0.25321386,
          -0.202646678,
          0.945947707
        ]
      ],
      "t_target2cam": [
        -0.065518213,
        -0.175031402,
        0.584267573
      ],
      "reproj_error_px": 0.236155,
      "angle_unit": "radian",
      "position_unit": "mm"
    },
    {
      "id": 21,
      "timestamp": "2026-03-18 12:35:48",
      "image_path": "calib_dataset/images/sample_021.png",
      "pattern_size": [
        6,
        7
      ],
      "square_size_m": 0.03,
      "tcp_pose_rpy": [
        333.283112,
        531.014404,
        219.841034,
        -0.345616,
        -1.416331,
        -2.552344
      ],
      "tcp_pose_aa": [
        333.283112,
        531.014404,
        219.841034,
        -1.913204,
        -0.179501,
        -2.199448
      ],
      "joint_angles": [
        1.114409,
        1.25499,
        0.120188,
        2.134192,
        0.932043,
        -1.246017,
        -0.709692
      ],
      "R_gripper2base": [
        [
          -0.12790576,
          0.244582767,
          0.961155235
        ],
        [
          -0.085500951,
          -0.968226544,
          0.235004144
        ],
        [
          0.988093975,
          -0.052121303,
          0.144753811
        ]
      ],
      "t_gripper2base": [
        0.333283112,
        0.531014404,
        0.219841034
      ],
      "R_target2cam": [
        [
          0.087833994,
          -0.993422103,
          -0.073469141
        ],
        [
          0.926823465,
          0.108530534,
          -0.359470982
        ],
        [
          0.365080064,
          -0.036519152,
          0.930259587
        ]
      ],
      "t_target2cam": [
        -0.034858458,
        -0.144110593,
        0.540211308
      ],
      "reproj_error_px": 0.260823,
      "angle_unit": "radian",
      "position_unit": "mm"
    },
    {
      "id": 22,
      "timestamp": "2026-03-18 12:36:09",
      "image_path": "calib_dataset/images/sample_022.png",
      "pattern_size": [
        6,
        7
      ],
      "square_size_m": 0.03,
      "tcp_pose_rpy": [
        333.283112,
        531.014404,
        219.841034,
        -0.345613,
        -1.416331,
        -2.182717
      ],
      "tcp_pose_aa": [
        333.283112,
        531.014404,
        219.841034,
        -1.715531,
        -0.49027,
        -1.952131
      ],
      "joint_angles": [
        1.056894,
        1.107126,
        0.094077,
        1.792979,
        0.518639,
        -1.145542,
        -0.348578
      ],
      "R_gripper2base": [
        [
          -0.088378501,
          0.577855191,
          0.811340015
        ],
        [
          -0.125934435,
          -0.814473327,
          0.566368889
        ],
        [
          0.988094003,
          -0.052120813,
          0.144753799
        ]
      ],
      "t_gripper2base": [
        0.333283112,
        0.531014404,
        0.219841034
      ],
      "R_target2cam": [
        [
          0.134561007,
          -0.89237367,
          -0.43076974
        ],
        [
          0.905034937,
          0.287696413,
          -0.313277093
        ],
        [
          0.403491139,
          -0.347706783,
          0.846342067
        ]
      ],
      "t_target2cam": [
        -0.053329575,
        -0.155849633,
        0.560396786
      ],
      "reproj_error_px": 0.243436,
      "angle_unit": "radian",
      "position_unit": "mm"
    },
    {
      "id": 23,
      "timestamp": "2026-03-18 12:36:35",
      "image_path": "calib_dataset/images/sample_023.png",
      "pattern_size": [
        6,
        7
      ],
      "square_size_m": 0.03,
      "tcp_pose_rpy": [
        3.054126,
        566.082581,
        205.468979,
        -1.831214,
        -1.521812,
        -0.471571
      ],
      "tcp_pose_aa": [
        3.054126,
        566.082581,
        205.468979,
        -1.741554,
        -0.727885,
        -1.683797
      ],
      "joint_angles": [
        1.531135,
        1.018456,
        0.296762,
        1.588652,
        0.84815,
        -1.347421,
        -0.558037
      ],
      "R_gripper2base": [
        [
          0.043620773,
          0.742814232,
          0.66807503
        ],
        [
          -0.022244181,
          -0.667823626,
          0.743987097
        ],
        [
          0.998800493,
          -0.047314074,
          -0.012607689
        ]
      ],
      "t_gripper2base": [
        0.003054126,
        0.566082581,
        0.205468979
      ],
      "R_target2cam": [
        [
          0.04944805,
          -0.778002524,
          -0.626312193
        ],
        [
          0.834176117,
          0.377032041,
          -0.402488566
        ],
        [
          0.549276885,
          -0.502552398,
          0.667634624
        ]
      ],
      "t_target2cam": [
        0.043962294,
        -0.295187999,
        0.824675413
      ],
      "reproj_error_px": 0.267947,
      "angle_unit": "radian",
      "position_unit": "mm"
    },
    {
      "id": 24,
      "timestamp": "2026-03-18 12:36:55",
      "image_path": "calib_dataset/images/sample_024.png",
      "pattern_size": [
        6,
        7
      ],
      "square_size_m": 0.03,
      "tcp_pose_rpy": [
        3.054129,
        566.082581,
        205.468979,
        -1.831218,
        -1.521812,
        -0.634005
      ],
      "tcp_pose_aa": [
        3.054129,
        566.082581,
        205.468979,
        -1.843316,
        -0.599963,
        -1.790148
      ],
      "joint_angles": [
        1.54349,
        1.073536,
        0.316633,
        1.712276,
        0.984034,
        -1.425004,
        -0.650946
      ],
      "R_gripper2base": [
        [
          0.0394494,
          0.625032158,
          0.779601531
        ],
        [
          -0.029005791,
          -0.779163765,
          0.626148937
        ],
        [
          0.998800485,
          -0.047314159,
          -0.012607991
        ]
      ],
      "t_gripper2base": [
        0.003054129,
        0.566082581,
        0.205468979
      ],
      "R_target2cam": [
        [
          0.059011003,
          -0.870277325,
          -0.489014396
        ],
        [
          0.838556222,
          0.308995841,
          -0.448714868
        ],
        [
          0.54160979,
          -0.38358695,
          0.74801062
        ]
      ],
      "t_target2cam": [
        0.050017584,
        -0.289770961,
        0.815223498
      ],
      "reproj_error_px": 0.218528,
      "angle_unit": "radian",
      "position_unit": "mm"
    },
    {
      "id": 25,
      "timestamp": "2026-03-18 12:37:15",
      "image_path": "calib_dataset/images/sample_025.png",
      "pattern_size": [
        6,
        7
      ],
      "square_size_m": 0.03,
      "tcp_pose_rpy": [
        5.082745,
        583.941284,
        189.314453,
        -2.806846,
        -1.394761,
        0.460161
      ],
      "tcp_pose_aa": [
        5.082745,
        583.941284,
        189.314453,
        -1.918639,
        -0.745714,
        -1.584068
      ],
      "joint_angles": [
        1.537909,
        1.075512,
        0.325714,
        1.713768,
        0.985323,
        -1.232703,
        -0.656709
      ],
