{
  "meta": {
    "created_at": "2026-03-19 12:48:37",
    "robot_ip": "192.168.1.225",
    "robot_model": "xArm7",
    "pose_file": "robot_poses_30.json",
    "pattern_size": [
      6,
      7
    ],
    "square_size_m": 0.03,
    "use_radians": true,
    "angle_unit": "radian",
    "position_unit": "mm",
    "num_samples": 24
  },
  "samples": [
    {
      "id": 0,
      "timestamp": "2026-03-19 12:41:44",
      "image_path": "calib_dataset/images/sample_000.png",
      "pattern_size": [
        6,
        7
      ],
      "square_size_m": 0.03,
      "tcp_pose_rpy": [
        103.409355,
        475.88382,
        120.000397,
        -2.86114,
        0.021332,
        1.353995
      ],
      "tcp_pose_aa": [
        103.409355,
        475.88382,
        120.000397,
        -2.281067,
        -1.827664,
        0.282766
      ],
      "joint_angles": [
        0.812692,
        0.615052,
        0.533372,
        0.987439,
        -0.043058,
        0.487149,
        -0.043561
      ],
      "R_gripper2base": [
        [
          0.215058275,
          0.937165158,
          -0.274720594
        ],
        [
          0.976368241,
          -0.212468924,
          0.039522327
        ],
        [
          -0.021330641,
          -0.276728067,
          -0.960711497
        ]
      ],
      "t_gripper2base": [
        0.103409355,
        0.47588382,
        0.120000397
      ],
      "R_target2cam": [
        [
          -0.731958935,
          0.65023323,
          0.203550643
        ],
        [
          -0.411627086,
          -0.660073862,
          0.628383353
        ],
        [
          0.542954196,
          0.376163852,
          0.750800571
        ]
      ],
      "t_target2cam": [
        0.251949349,
        0.031990867,
        0.684531206
      ],
      "reproj_error_px": 0.503568,
      "angle_unit": "radian",
      "position_unit": "mm"
    },
    {
      "id": 1,
      "timestamp": "2026-03-19 12:42:14",
      "image_path": "calib_dataset/images/sample_001.png",
      "pattern_size": [
        6,
        7
      ],
      "square_size_m": 0.03,
      "tcp_pose_rpy": [
        103.409355,
        475.88382,
        120.000397,
        -2.860365,
        -0.002895,
        0.681217
      ],
      "tcp_pose_aa": [
        103.409355,
        475.88382,
        120.000397,
        -2.707402,
        -0.960186,
        0.131914
      ],
      "joint_angles": [
        0.926121,
        0.590237,
        0.424963,
        0.923661,
        0.001264,
        0.214969,
        0.584174
      ],
      "R_gripper2base": [
        [
          0.77680383,
          0.605623898,
          -0.172613743
        ],
        [
          0.629735998,
          -0.745784613,
          0.217342781
        ],
        [
          0.002895309,
          -0.277533793,
          -0.960711513
        ]
      ],
      "t_gripper2base": [
        0.103409355,
        0.47588382,
        0.120000397
      ],
      "R_target2cam": [
        [
          -0.158952748,
          0.939662,
          0.302934564
        ],
        [
          -0.59987947,
          -0.335622655,
          0.726293367
        ],
        [
          0.78414198,
          -0.066277899,
          0.617032086
        ]
      ],
      "t_target2cam": [
        0.100366223,
        0.042342824,
        0.672503356
      ],
      "reproj_error_px": 0.559776,
      "angle_unit": "radian",
      "position_unit": "mm"
    },
    {
      "id": 2,
      "timestamp": "2026-03-19 12:42:34",
      "image_path": "calib_dataset/images/sample_002.png",
      "pattern_size": [
        6,
        7
      ],
      "square_size_m": 0.03,
      "tcp_pose_rpy": [
        103.409355,
        475.88382,
        120.000404,
        -2.654572,
        0.244257,
        0.706269
      ],
      "tcp_pose_aa": [
        103.409355,
        475.88382,
        120.000404,
        -2.57758,
        -0.861772,
        0.546263
      ],
      "joint_angles": [
        0.715404,
        0.655463,
        0.658979,
        0.968395,
        0.420496,
        0.384611,
        0.21971
      ],
      "R_gripper2base": [
        [
          0.738206244,
          0.487437139,
          -0.466322395
        ],
        [
          0.629735916,
          -0.745784658,
          0.217342865
        ],
        [
          -0.241835104,
          -0.45410382,
          -0.857499564
        ]
      ],
      "t_gripper2base": [
        0.103409355,
        0.47588382,
        0.120000404
      ],
      "R_target2cam": [
        [
          -0.175911695,
          0.877647582,
          0.445858495
        ],
        [
          -0.777177966,
          -0.401805865,
          0.484299964
        ],
        [
          0.604193251,
          -0.261317371,
          0.752770714
        ]
      ],
      "t_target2cam": [
        0.109892624,
        0.088080902,
        0.729001201
      ],
      "reproj_error_px": 0.338113,
      "angle_unit": "radian",
      "position_unit": "mm"
    },
    {
      "id": 3,
      "timestamp": "2026-03-19 12:42:52",
      "image_path": "calib_dataset/images/sample_003.png",
      "pattern_size": [
        6,
        7
      ],
      "square_size_m": 0.03,
      "tcp_pose_rpy": [
        103.409355,
        475.88382,
        120.000404,
        -2.500425,
        0.407588,
        0.755877
      ],
      "tcp_pose_aa": [
        103.409355,
        475.88382,
        120.000404,
        -2.459454,
        -0.786275,
        0.810422
      ],
      "joint_angles": [
        0.626974,
        0.700854,
        0.734884,
        1.009228,
        0.604359,
        0.540716,
        0.078775
      ],
      "R_gripper2base": [
        [
          0.668058915,
          0.377172203,
          -0.641434654
        ],
        [
          0.629735905,
          -0.74578456,
          0.21734323
        ],
        [
          -0.396396236,
          -0.549132515,
          -0.735746903
        ]
      ],
      "t_gripper2base": [
        0.103409355,
        0.47588382,
        0.120000404
      ],
      "R_target2cam": [
        [
          -0.20869216,
          0.821024447,
          0.531381633
        ],
        [
          -0.859828892,
          -0.412923868,
          0.30031343
        ],
        [
          0.465984827,
          -0.394224222,
          0.792114514
        ]
      ],
      "t_target2cam": [
        0.121903517,
        0.108891668,
        0.770246647
      ],
      "reproj_error_px": 0.233268,
      "angle_unit": "radian",
      "position_unit": "mm"
    },
    {
      "id": 4,
      "timestamp": "2026-03-19 12:43:11",
      "image_path": "calib_dataset/images/sample_004.png",
      "pattern_size": [
        6,
        7
      ],
      "square_size_m": 0.03,
      "tcp_pose_rpy": [
        103.409355,
        475.88382,
        120.000397,
        -2.933193,
        0.688341,
        0.525548
      ],
      "tcp_pose_aa": [
        103.409355,
        475.88382,
        120.000397,
        -2.85559,
        -0.654497,
        1.092858
      ],
      "joint_angles": [
        0.740723,
        0.68392,
        0.591541,
        1.125098,
        0.326087,
        0.921005,
        0.588132
      ],
      "R_gripper2base": [
        [
          0.668078117,
          0.377138443,
          -0.641434505
        ],
        [
          0.387453712,
          -0.912269418,
          -0.13283121
        ],
        [
          -0.635256838,
          -0.159784556,
          -0.755590925
        ]
      ],
      "t_gripper2base": [
        0.103409355,
        0.47588382,
        0.120000397
      ],
      "R_target2cam": [
        [
          -0.004857133,
          0.975114457,
          0.221648831
        ],
        [
          -0.973046213,
          -0.055713058,
          0.223779183
        ],
        [
          0.23055905,
          -0.21458763,
          0.949102035
        ]
      ],
      "t_target2cam": [
        0.063875333,
        0.101406382,
        0.808424667
      ],
      "reproj_error_px": 0.275959,
      "angle_unit": "radian",
      "position_unit": "mm"
    },
    {
      "id": 5,
      "timestamp": "2026-03-19 12:43:31",
      "image_path": "calib_dataset/images/sample_005.png",
      "pattern_size": [
        6,
        7
      ],
      "square_size_m": 0.03,
      "tcp_pose_rpy": [
        103.409355,
        572.834412,
        120.000397,
        -2.933193,
        0.688341,
        0.525548
      ],
      "tcp_pose_aa": [
        103.409355,
        572.834412,
        120.000397,
        -2.85559,
        -0.654497,
        1.092858
      ],
      "joint_angles": [
        0.924912,
        0.90849,
        0.516516,
        1.56298,
        0.265735,
        1.075743,
        0.711582
      ],
      "R_gripper2base": [
        [
          0.668078117,
          0.377138443,
          -0.641434505
        ],
        [
          0.387453712,
          -0.912269418,
          -0.13283121
        ],
        [
          -0.635256838,
          -0.159784556,
          -0.755590925
        ]
      ],
      "t_gripper2base": [
        0.103409355,
        0.572834412,
        0.120000397
      ],
      "R_target2cam": [
        [
          -0.006179003,
          0.974416174,
          0.224666286
        ],
        [
          -0.974036708,
          -0.056710044,
          0.219172221
        ],
        [
          0.226305792,
          -0.217478944,
          0.949467534
        ]
      ],
      "t_target2cam": [
        0.148672586,
        0.130150164,
        0.774668069
      ],
      "reproj_error_px": 0.217639,
      "angle_unit": "radian",
      "position_unit": "mm"
    },
    {
      "id": 6,
      "timestamp": "2026-03-19 12:43:50",
      "image_path": "calib_dataset/images/sample_006.png",
      "pattern_size": [
        6,
        7
      ],
      "square_size_m": 0.03,
      "tcp_pose_rpy": [
        103.409355,
        572.834412,
        120.000397,
        -2.933193,
        0.688341,
        0.861653
      ],
      "tcp_pose_aa": [
        103.409355,
        572.834412,
        120.000397,
        2.633415,
        1.092834,
        -1.05236
      ],
      "joint_angles": [
        0.987666,
        0.942473,
        0.465127,
        1.683238,
        0.139941,
        1.310417,
        0.515349
      ],
      "R_gripper2base": [
        [
          0.502909683,
          0.656913724,
          -0.561735
        ],
        [
          0.58611476,
          -0.736839959,
          -0.336951575
        ],
        [
          -0.635256908,
          -0.159784965,
          -0.755590779
        ]
      ],
      "t_gripper2base": [
        0.103409355,
        0.572834412,
        0.120000397
      ],
      "R_target2cam": [
        [
          -0.25776204,
          0.966207381,
          0.001424075
        ],
        [
          -0.944240126,
          -0.252213637,
          0.211657427
        ],
        [
          0.204864139,
          0.053212581,
          0.97734288
        ]
      ],
      "t_target2cam": [
        0.204161145,
        0.14142023,
        0.753868199
      ],
      "reproj_error_px": 0.157333,
      "angle_unit": "radian",
      "position_unit": "mm"
    },
    {
      "id": 7,
      "timestamp": "2026-03-19 12:44:10",
      "image_path": "calib_dataset/images/sample_007.png",
      "pattern_size": [
        6,
        7
      ],
      "square_size_m": 0.03,
      "tcp_pose_rpy": [
        103.409355,
        572.834412,
        120.000397,
        -2.933193,
        0.688341,
        0.30672
      ],
      "tcp_pose_aa": [
        103.409355,
        572.834412,
        120.000397,
        -2.841867,
        -0.330834,
        1.058434
      ],
      "joint_angles": [
        0.903658,
        0.885537,
        0.536286,
        1.489636,
        0.358851,
        0.909216,
        0.818463
      ],
      "R_gripper2base": [
        [
          0.736257111,
          0.170103248,
          -0.65497355
        ],
        [
          0.233183151,
          -0.972385612,
          0.009583291
        ],
        [
          -0.635256708,
          -0.159784562,
          -0.755591033
        ]
      ],
      "t_gripper2base": [
        0.103409355,
        0.572834412,
        0.120000397
      ],
      "R_target2cam": [
        [
          0.163029616,
          0.921797866,
          0.351724378
        ],
        [
          -0.963832605,
          0.072622285,
          0.256422919
        ],
        [
          0.210827072,
          -0.380807954,
          0.900298422
        ]
      ],
      "t_target2cam": [
        0.115686791,
        0.116299892,
        0.790333256
      ],
      "reproj_error_px": 0.213444,
      "angle_unit": "radian",
      "position_unit": "mm"
    },
    {
      "id": 8,
      "timestamp": "2026-03-19 12:44:28",
      "image_path": "calib_dataset/images/sample_008.png",
      "pattern_size": [
        6,
        7
      ],
      "square_size_m": 0.03,
      "tcp_pose_rpy": [
        103.409355,
        572.834412,
        120.000397,
        -3.006697,
        0.479591,
        0.26596
      ],
      "tcp_pose_aa": [
        103.409355,
        572.834412,
        120.000397,
        -2.961747,
        -0.346509,
        0.749254
      ],
      "joint_angles": [
        0.98613,
        0.8357,
        0.450169,
        1.45025,
        0.215473,
        0.798773,
        0.925925
      ],
      "R_gripper2base": [
        [
          0.855991087,
          0.200575127,
          -0.476496461
        ],
        [
          0.233183195,
          -0.972385602,
          0.009583221
        ],
        [
          -0.461416142,
          -0.11931412,
          -0.879124158
        ]
      ],
      "t_gripper2base": [
        0.103409355,
        0.572834412,
        0.120000397
      ],
      "R_target2cam": [
        [
          0.219690287,
          0.939257944,
          0.263686732
        ],
        [
          -0.892627921,
          0.084469536,
          0.442809545
        ],
        [
          0.393638887,
          -0.332655095,
          0.856965002
        ]
      ],
      "t_target2cam": [
        0.102287246,
        0.098143097,
        0.747205831
      ],
      "reproj_error_px": 0.226377,
      "angle_unit": "radian",
      "position_unit": "mm"
    },
    {
      "id": 9,
      "timestamp": "2026-03-19 12:44:47",
      "image_path": "calib_dataset/images/sample_009.png",
      "pattern_size": [
        6,
        7
      ],
      "square_size_m": 0.03,
      "tcp_pose_rpy": [
        103.409355,
        572.834412,
        120.000397,
        -2.63266,
        0.356087,
        0.419524
      ],
      "tcp_pose_aa": [
        103.409355,
        572.834412,
        120.000397,
        -2.620839,
        -0.430996,
        0.61066
      ],
      "joint_angles": [
        0.877372,
        0.861168,
        0.596792,
        1.335502,
        0.370054,
        0.412526,
        0.598752
      ],
      "R_gripper2base": [
        [
          0.855990924,
          0.200575231,
          -0.476496711
        ],
        [
          0.381773841,
          -0.866725676,
          0.320991179
        ],
        [
          -0.348609054,
          -0.456679515,
          -0.818483688
        ]
      ],
      "t_gripper2base": [
        0.103409355,
        0.572834412,
        0.120000397
      ],
      "R_target2cam": [
        [
          0.094022751,
          0.838841619,
          0.536194424
        ],
        [
          -0.849409667,
          -0.213333655,
          0.482692417
        ],
        [
          0.519290805,
          -0.500832796,
          0.692461963
        ]
      ],
      "t_target2cam": [
        0.137998255,
        0.116224292,
        0.734486643
      ],
      "reproj_error_px": 0.286614,
      "angle_unit": "radian",
      "position_unit": "mm"
    },
    {
      "id": 10,
      "timestamp": "2026-03-19 12:45:07",
      "image_path": "calib_dataset/images/sample_010.png",
      "pattern_size": [
        6,
        7
      ],
      "square_size_m": 0.03,
      "tcp_pose_rpy": [
        103.409355,
        617.17218,
        120.000397,
        -2.989964,
        0.730108,
        0.282298
      ],
      "tcp_pose_aa": [
        103.409355,
        617.17218,
        120.000397,
        -2.872587,
        -0.32345,
        1.124224
      ],
      "joint_angles": [
        0.992926,
        1.020765,
        0.501095,
        1.767433,
        0.319711,
        1.076693,
        0.910552
      ],
      "R_gripper2base": [
        [
          0.715609666,
          0.178613475,
          -0.675277744
        ],
        [
          0.2075583,
          -0.977461296,
          -0.038587134
        ],
        [
          -0.666950041,
          -0.112546175,
          -0.736553461
        ]
      ],
      "t_gripper2base": [
        0.103409355,
        0.61717218,
        0.120000397
      ],
      "R_target2cam": [
        [
          0.17587732,
          0.931878963,
          0.317283418
        ],
        [
          -0.969024092,
          0.107123624,
          0.222523792
        ],
        [
          0.173376691,
          -0.346592164,
          0.921853782
        ]
      ],
      "t_target2cam": [
        0.150344424,
        0.1274822,
        0.77894023
      ],
      "reproj_error_px": 0.143625,
      "angle_unit": "radian",
      "position_unit": "mm"
    },
    {
      "id": 11,
      "timestamp": "2026-03-19 12:45:27",
      "image_path": "calib_dataset/images/sample_011.png",
      "pattern_size": [
        6,
        7
      ],
      "square_size_m": 0.03,
      "tcp_pose_rpy": [
        265.003693,
        557.031311,
        120.000397,
        -2.989964,
        0.730108,
        0.282298
      ],
      "tcp_pose_aa": [
        265.003693,
        557.031311,
        120.000397,
        -2.872587,
        -0.32345,
        1.124224
      ],
      "joint_angles": [
        0.773817,
        1.021244,
        0.422181,
        1.835682,
        0.271082,
        1.28739,
        0.724185
      ],
      "R_gripper2base": [
        [
          0.715609666,
          0.178613475,
          -0.675277744
        ],
        [
          0.2075583,
          -0.977461296,
          -0.038587134
        ],
        [
          -0.666950041,
          -0.112546175,
          -0.736553461
        ]
      ],
      "t_gripper2base": [
        0.265003693,
        0.557031311,
        0.120000397
      ],
      "R_target2cam": [
        [
          0.17673524,
          0.937365079,
          0.30018555
        ],
        [
          -0.968299515,
          0.110887436,
          0.223830353
        ],
        [
          0.17652395,
          -0.330228233,
          0.927247868
        ]
      ],
      "t_target2cam": [
        0.018983252,
        0.196075642,
        0.690105818
      ],
      "reproj_error_px": 0.191671,
      "angle_unit": "radian",
      "position_unit": "mm"
    },
    {
      "id": 12,
      "timestamp": "2026-03-19 12:45:46",
      "image_path": "calib_dataset/images/sample_012.png",
      "pattern_size": [
        6,
        7
      ],
      "square_size_m": 0.03,
      "tcp_pose_rpy": [
        265.003693,
        557.031311,
        120.000397,
        -3.063821,
        0.503787,
        0.23928
      ],
      "tcp_pose_aa": [
        265.003693,
        557.031311,
        120.000397,
        -3.007413,
        -0.331023,
        0.787106
      ],
      "joint_angles": [
        0.841659,
        0.95121,
        0.340327,
        1.746193,
        0.166273,
        1.113128,
        0.769656
      ],
      "R_gripper2base": [
        [
          0.850809119,
          0.199849462,
          -0.485987692
        ],
        [
          0.20755823,
          -0.977461326,
          -0.03858675
        ],
        [
          -0.482745715,
          -0.068040787,
          -0.87311341
        ]
      ],
      "t_gripper2base": [
        0.265003693,
        0.557031311,
        0.120000397
      ],
      "R_target2cam": [
        [
          0.241777909,
          0.945117369,
          0.219764876
        ],
        [
          -0.894086565,
          0.128988342,
          0.428918667
        ],
        [
          0.377031375,
          -0.300191882,
          0.876203274
        ]
      ],
      "t_target2cam": [
        0.004580944,
        0.177260597,
        0.643748997
      ],
      "reproj_error_px": 0.230113,
      "angle_unit": "radian",
      "position_unit": "mm"
    },
    {
      "id": 13,
      "timestamp": "2026-03-19 12:46:05",
      "image_path": "calib_dataset/images/sample_013.png",
      "pattern_size": [
        6,
        7
      ],
      "square_size_m": 0.03,
      "tcp_pose_rpy": [
        265.003693,
        557.031311,
        120.000397,
        -2.696713,
        0.392962,
        0.400133
      ],
      "tcp_pose_aa": [
        265.003693,
        557.031311,
        120.000397,
        -2.681869,
        -0.419259,
        0.650885
      ],
      "joint_angles": [
        0.727417,
        0.932143,
        0.475997,
        1.59367,
        0.299968,
        0.77048,
        0.499569
      ],
      "R_gripper2base": [
        [
          0.850808863,
          0.199849527,
          -0.485988112
        ],
        [
          0.359849999,
          -0.895553583,
          0.261709301
        ],
        [
          -0.382925915,
          -0.397547414,
          -0.833860778
        ]
      ],
      "t_gripper2base": [
        0.265003693,
        0.557031311,
        0.120000397
      ],
      "R_target2cam": [
        [
          0.110866142,
          0.86840299,
          0.483306265
        ],
        [
          -0.862636923,
          -0.157406463,
          0.480708586
        ],
        [
          0.493524303,
          -0.470212136,
          0.731665436
        ]
      ],
      "t_target2cam": [
        0.0393218,
        0.195969847,
        0.632224273
      ],
      "reproj_error_px": 0.335381,
      "angle_unit": "radian",
      "position_unit": "mm"
    },
    {
      "id": 14,
      "timestamp": "2026-03-19 12:46:24",
      "image_path": "calib_dataset/images/sample_014.png",
      "pattern_size": [
        6,
        7
      ],
      "square_size_m": 0.03,
      "tcp_pose_rpy": [
        265.003693,
        557.031311,
        120.000397,
        -2.696713,
        0.392961,
        0.868362
      ],
      "tcp_pose_aa": [
        265.003693,
        557.031311,
        120.000397,
        -2.594537,
        -1.064042,
        0.772426
      ],
      "joint_angles": [
        0.756075,
        0.978729,
        0.450386,
        1.739092,
        0.162476,
        1.098847,
        0.200012
      ],
      "R_gripper2base": [
        [
          0.596832853,
          0.582508889,
          -0.551791573
        ],
        [
          0.705094639,
          -0.708970789,
          0.014211631
        ],
        [
          -0.382925706,
          -0.397547248,
          -0.833860953
        ]
      ],
      "t_gripper2base": [
        0.265003693,
        0.557031311,
        0.120000397
      ],
      "R_target2cam": [
        [
          -0.310974356,
          0.900997419,
          0.302487358
        ],
        [
          -0.826535674,
          -0.41349383,
          0.381918358
        ],
        [
          0.46918411,
          -0.131249777,
          0.873292486
        ]
      ],
      "t_target2cam": [
        0.12947075,
        0.211561947,
        0.607465691
      ],
      "reproj_error_px": 0.220631,
      "angle_unit": "radian",
      "position_unit": "mm"
    },
    {
      "id": 15,
      "timestamp": "2026-03-19 12:46:39",
      "image_path": "calib_dataset/images/sample_015.png",
      "pattern_size": [
        6,
        7
      ],
      "square_size_m": 0.03,
      "tcp_pose_rpy": [
        265.003693,
        557.031311,
        251.903549,
        -2.696713,
        0.392961,
        0.868362
      ],
      "tcp_pose_aa": [
        265.003693,
        557.031311,
        251.903549,
        -2.594537,
        -1.064042,
        0.772426
      ],
      "joint_angles": [
        0.728447,
        0.764899,
        0.485111,
        1.766409,
        0.208554,
        1.317079,
        0.276877
      ],
      "R_gripper2base": [
        [
          0.596832853,
          0.582508889,
          -0.551791573
        ],
        [
          0.705094639,
          -0.708970789,
          0.014211631
        ],
        [
          -0.382925706,
          -0.397547248,
          -0.833860953
        ]
      ],
      "t_gripper2base": [
        0.265003693,
        0.557031311,
        0.251903549
      ],
      "R_target2cam": [
        [
          -0.31344289,
          0.901353158,
          0.298857893
        ],
        [
          -0.826562047,
          -0.413900488,
          0.381420462
        ],
        [
          0.467491965,
          -0.12747106,
          0.874758476
        ]
      ],
      "t_target2cam": [
        0.128428502,
        0.105704339,
        0.528358505
      ],
      "reproj_error_px": 0.204753,
      "angle_unit": "radian",
      "position_unit": "mm"
    },
    {
      "id": 16,
      "timestamp": "2026-03-19 12:46:53",
      "image_path": "calib_dataset/images/sample_016.png",
      "pattern_size": [
        6,
        7
      ],
      "square_size_m": 0.03,
      "tcp_pose_rpy": [
        265.003693,
        557.031311,
        251.903549,
        -2.696713,
        0.392961,
        0.504906
      ],
      "tcp_pose_aa": [
        265.003693,
        557.031311,
        251.903549,
        -2.674232,
        -0.562901,
        0.680429
      ],
      "joint_angles": [
        0.701986,
        0.705543,
        0.497758,
        1.631647,
        0.308278,
        1.059961,
        0.526073
      ],
      "R_gripper2base": [
        [
          0.808509842,
          0.292411783,
          -0.510692848
        ],
        [
          0.446855356,
          -0.869742153,
          0.209448988
        ],
        [
          -0.382925745,
          -0.397547402,
          -0.833860862
        ]
      ],
      "t_gripper2base": [
        0.265003693,
        0.557031311,
        0.251903549
      ],
      "R_target2cam": [
        [
          0.012923458,
          0.893778512,
          0.44832238
        ],
        [
          -0.865487056,
          -0.2145428,
          0.452662724
        ],
        [
          0.500764555,
          -0.393867185,
          0.770781098
        ]
      ],
      "t_target2cam": [
        0.057485306,
        0.09556195,
        0.545702394
      ],
      "reproj_error_px": 0.403448,
      "angle_unit": "radian",
      "position_unit": "mm"
    },
    {
      "id": 17,
      "timestamp": "2026-03-19 12:47:08",
      "image_path": "calib_dataset/images/sample_017.png",
      "pattern_size": [
        6,
        7
      ],
      "square_size_m": 0.03,
      "tcp_pose_rpy": [
        265.003693,
        557.031311,
        251.903549,
        -2.493478,
        0.675544,
        0.6097
      ],
      "tcp_pose_aa": [
        265.003693,
        557.031311,
        251.903549,
        -2.483688,
        -0.471007,
        1.094238
      ],
      "joint_angles": [
        0.603985,
        0.802305,
        0.613833,
        1.717333,
        0.473916,
        1.259695,
        0.526249
      ],
      "R_gripper2base": [
        [
          0.639760536,
          0.14702771,
          -0.754380082
        ],
        [
          0.446855075,
          -0.869742338,
          0.209448819
        ],
        [
          -0.625321516,
          -0.471095657,
          -0.622126903
        ]
      ],
      "t_gripper2base": [
        0.265003693,
        0.557031311,
        0.251903549
      ],
      "R_target2cam": [
        [
          -0.067862649,
          0.821190182,
          0.566605106
        ],
        [
          -0.968415126,
          -0.190792675,
          0.160531302
        ],
        [
          0.239930833,
          -0.537814876,
          0.80820069
        ]
      ],
      "t_target2cam": [
        0.08069737,
        0.117387132,
        0.61420612
      ],
      "reproj_error_px": 0.222392,
      "angle_unit": "radian",
      "position_unit": "mm"
    },
    {
      "id": 18,
      "timestamp": "2026-03-19 12:47:22",
      "image_path": "calib_dataset/images/sample_018.png",
      "pattern_size": [
        6,
        7
      ],
      "square_size_m": 0.03,
      "tcp_pose_rpy": [
        265.003693,
        557.031311,
        251.903549,
        -2.845487,
        0.814885,
        0.369077
      ],
      "tcp_pose_aa": [
        265.003693,
        557.031311,
        251.903549,
        -2.732558,
        -0.330204,
        1.240523
      ],
      "joint_angles": [
        0.68414,
        0.838486,
        0.530923,
        1.847925,
        0.382412,
        1.478907,
        0.781946
      ],
      "R_gripper2base": [
        [
          0.63976071,
          0.147027212,
          -0.754380032
        ],
        [
          0.247460525,
          -0.96866885,
          0.021070071
        ],
        [
          -0.727646564,
          -0.200159083,
          -0.656099702
        ]
      ],
      "t_gripper2base": [
        0.265003693,
        0.557031311,
        0.251903549
      ],
      "R_target2cam": [
        [
          0.107043016,
          0.909851015,
          0.400890164
        ],
        [
          -0.988443289,
          0.053853575,
          0.141702705
        ],
        [
          0.107338981,
          -0.411425477,
          0.905100779
        ]
      ],
      "t_target2cam": [
        0.034632808,
        0.100074512,
        0.632884189
      ],
      "reproj_error_px": 0.296926,
      "angle_unit": "radian",
      "position_unit": "mm"
    },
    {
      "id": 19,
      "timestamp": "2026-03-19 12:47:38",
      "image_path": "calib_dataset/images/sample_019.png",
      "pattern_size": [
        6,
        7
      ],
      "square_size_m": 0.03,
      "tcp_pose_rpy": [
        265.003693,
        422.136475,
        251.903549,
        -2.845487,
        0.814885,
        0.369077
      ],
      "tcp_pose_aa": [
        265.003693,
        422.136475,
        251.903549,
        -2.732558,
        -0.330204,
        1.240523
      ],
      "joint_angles": [
        0.428589,
        0.454072,
        0.541961,
        1.273287,
        0.474087,
        1.408984,
        0.53515
      ],
      "R_gripper2base": [
        [
          0.63976071,
          0.147027212,
          -0.754380032
        ],
        [
          0.247460525,
          -0.96866885,
          0.021070071
        ],
        [
          -0.727646564,
          -0.200159083,
          -0.656099702
        ]
      ],
      "t_gripper2base": [
        0.265003693,
        0.422136475,
        0.251903549
      ],
      "R_target2cam": [
        [
          0.104186123,
          0.912084441,
          0.396544101
        ],
        [
          -0.987999086,
          0.049201909,
          0.146413724
        ],
        [
          0.114030952,
          -0.407039488,
          0.90626475
        ]
      ],
      "t_target2cam": [
        -0.081736052,
        0.060559603,
        0.683695833
      ],
      "reproj_error_px": 0.244074,
      "angle_unit": "radian",
      "position_unit": "mm"
    },
    {
      "id": 20,
      "timestamp": "2026-03-19 12:47:53",
      "image_path": "calib_dataset/images/sample_020.png",
      "pattern_size": [
        6,
        7
      ],
      "square_size_m": 0.03,
      "tcp_pose_rpy": [
        265.003693,
        422.136475,
        251.903549,
        -2.845488,
        0.814885,
        0.820689
      ],
      "tcp_pose_aa": [
        265.003693,
        422.136475,
        251.903549,
        2.635581,
        0.950322,
        -1.272862
      ],
      "joint_angles": [
        0.510334,
        0.530267,
        0.506605,
        1.421595,
        0.213522,
        1.672878,
        0.300659
      ],
      "R_gripper2base": [
        [
          0.467625559,
          0.555030524,
          -0.687944368
        ],
        [
          0.5018533,
          -0.807389449,
          -0.31026689
        ],
        [
          -0.727646619,
          -0.200158424,
          -0.656099842
        ]
      ],
      "t_gripper2base": [
        0.265003693,
        0.422136475,
        0.251903549
      ],
      "R_target2cam": [
        [
          -0.20405267,
          0.976563485,
          0.068456319
        ],
        [
          -0.974334444,
          -0.209381018,
          0.082655797
        ],
        [
          0.095052087,
          -0.049833214,
          0.994224196
        ]
      ],
      "t_target2cam": [
        -0.019918886,
        0.080992326,
        0.655722678
      ],
      "reproj_error_px": 0.187804,
      "angle_unit": "radian",
      "position_unit": "mm"
    },
    {
      "id": 21,
      "timestamp": "2026-03-19 12:48:07",
      "image_path": "calib_dataset/images/sample_021.png",
      "pattern_size": [
        6,
        7
      ],
      "square_size_m": 0.03,
      "tcp_pose_rpy": [
        265.003693,
        422.136475,
        251.903549,
        -2.360484,
        1.004159,
        1.207983
      ],
      "tcp_pose_aa": [
        265.003693,
        422.136475,
        251.903549,
        -2.389583,
        -0.959142,
        1.72214
      ],
      "joint_angles": [
        0.439251,
        0.655501,
        0.570002,
        1.52297,
        0.372354,
        1.905498,
        0.264753
      ],
      "R_gripper2base": [
        [
          0.190512779,
          0.4530807,
          -0.87087471
        ],
        [
          0.501853766,
          -0.807389416,
          -0.310266222
        ],
        [
          -0.843710661,
          -0.377942072,
          -0.381198257
        ]
      ],
      "t_gripper2base": [
        0.265003693,
        0.422136475,
        0.251903549
      ],
      "R_target2cam": [
        [
          -0.334417853,
          0.928482471,
          0.161508514
        ],
        [
          -0.928005763,
          -0.294565876,
          -0.228114552
        ],
        [
          -0.164225467,
          -0.22616641,
          0.960145172
        ]
      ],
      "t_target2cam": [
        0.012397833,
        0.079307792,
        0.729117596
      ],
      "reproj_error_px": 0.18198,
      "angle_unit": "radian",
      "position_unit": "mm"
    },
    {
      "id": 22,
      "timestamp": "2026-03-19 12:48:22",
      "image_path": "calib_dataset/images/sample_022.png",
      "pattern_size": [
        6,
        7
      ],
      "square_size_m": 0.03,
      "tcp_pose_rpy": [
        265.003693,
        422.136475,
        251.903549,
        -2.180703,
        0.589563,
        1.339534
      ],
      "tcp_pose_aa": [
        265.003693,
        422.136475,
        251.903549,
        -2.10757,
        -1.186717,
        1.341608
      ],
      "joint_angles": [
        0.338129,
        0.592369,
        0.657103,
        1.396042,
        0.426654,
        1.664475,
        -0.109069
      ],
      "R_gripper2base": [
        [
          0.190512615,
          0.453081178,
          -0.870874497
        ],
        [
          0.809056013,
          -0.574906206,
          -0.122111516
        ],
        [
          -0.555997582,
          -0.681322464,
          -0.476094936
        ]
      ],
      "t_gripper2base": [
        0.265003693,
        0.422136475,
        0.251903549
      ],
      "R_target2cam": [
        [
          -0.604048188,
          0.724025269,
          0.333036329
        ],
        [
          -0.78714055,
          -0.607380612,
          -0.107231282
        ],
        [
          0.124641651,
          -0.326919261,
          0.936796806
        ]
      ],
      "t_target2cam": [
        0.089890589,
        0.076140241,
        0.672608796
      ],
      "reproj_error_px": 0.225753,
      "angle_unit": "radian",
      "position_unit": "mm"
    },
    {
      "id": 23,
      "timestamp": "2026-03-19 12:48:37",
      "image_path": "calib_dataset/images/sample_023.png",
      "pattern_size": [
        6,
        7
      ],
      "square_size_m": 0.03,
      "tcp_pose_rpy": [
        374.257812,
        422.136475,
        251.903549,
        -2.180703,
        0.589563,
        1.339534
      ],
      "tcp_pose_aa": [
        374.257812,
        422.136475,
        251.903549,
        -2.10757,
        -1.186717,
        1.341608
      ],
      "joint_angles": [
        0.35801,
        0.8492,
        0.581079,
        1.846267,
        0.294973,
        1.905712,
        -0.089776
      ],
      "R_gripper2base": [
        [
          0.190512615,
          0.453081178,
          -0.870874497
        ],
        [
          0.809056013,
          -0.574906206,
          -0.122111516
        ],
        [
          -0.555997582,
          -0.681322464,
          -0.476094936
        ]
      ],
      "t_gripper2base": [
        0.374257812,
        0.422136475,
        0.251903549
      ],
      "R_target2cam": [
        [
          -0.601566691,
          0.728398012,
          0.327954039
        ],
        [
          -0.78951745,
          -0.6046233,
          -0.105322654
        ],
        [
          0.121571842,
          -0.322284037,
          0.938804179
        ]
      ],
      "t_target2cam": [
        0.035112537,
        0.135496245,
        0.598116344
      ],
      "reproj_error_px": 0.188508,
      "angle_unit": "radian",
      "position_unit": "mm"
    }
  ]
}