{
  "samples": [
    {
      "sample_id": 0,
      "pose_id": 0,
      "timestamp": "2026-03-16 17:19:32",
      "pattern_size": [
        6,
        7
      ],
      "square_size_m": 0.03,
      "image_path": "calib_dataset/images/sample_000.png",
      "tcp_pose_rpy": [
        524.030273,
        400.289795,
        299.963318,
        0.189411,
        -1.347089,
        -2.780027
      ],
      "tcp_pose_aa": [
        524.030273,
        400.289795,
        299.963318,
        -1.672241,
        -0.515918,
        -2.112359
      ],
      "joint_angles": [
        0.711038,
        1.014554,
        -0.058924,
        1.84832,
        0.161695,
        -0.957515,
        -0.114374
      ],
      "R_gripper2base": [
        [
          -0.20750260251920538,
          0.5191310288290247,
          0.8291234195550593
        ],
        [
          -0.07847588154631069,
          -0.8536734262638018,
          0.5148623284981635
        ],
        [
          0.975081640665686,
          0.04176908184219205,
          0.21787872277662657
        ]
      ],
      "t_gripper2base": [
        0.5240302729999999,
        0.400289795,
        0.29996331800000003
      ],
      "R_target2cam": [
        [
          -0.05128056046912984,
          -0.9784942689030115,
          0.1997980726682142
        ],
        [
          0.9688423068645177,
          -0.0972835193454333,
          -0.22777291606599437
        ],
        [
          0.24231155264950072,
          0.18189250283540487,
          0.9529953981341467
        ]
      ],
      "t_target2cam": [
        0.10664752525904506,
        -0.1472679034895083,
        0.46292164951914677
      ],
      "reproj_error_px": 0.0837051272392273
    },
    {
      "sample_id": 1,
      "pose_id": 1,
      "timestamp": "2026-03-16 17:19:44",
      "pattern_size": [
        6,
        7
      ],
      "square_size_m": 0.03,
      "image_path": "calib_dataset/images/sample_001.png",
      "tcp_pose_rpy": [
        524.030273,
        400.289795,
        299.963318,
        0.189411,
        -1.347089,
        -3.083377
      ],
      "tcp_pose_aa": [
        524.030273,
        400.289795,
        299.963318,
        -1.848333,
        -0.274773,
        -2.319016
      ],
      "joint_angles": [
        0.793015,
        1.079706,
        -0.071604,
        1.992979,
        0.628581,
        -0.974646,
        -0.480688
      ],
      "R_gripper2base": [
        [
          -0.22147016220799276,
          0.24041940125800224,
          0.9450658594776918
        ],
        [
          -0.012907080166662449,
          -0.9697699766560256,
          0.24367929673680283
        ],
        [
          0.9750817271045212,
          0.04176965256397491,
          0.21787822652010824
        ]
      ],
      "t_gripper2base": [
        0.5240302729999999,
        0.400289795,
        0.29996331800000003
      ],
      "R_target2cam": [
        [
          -0.11326311017452306,
          -0.8709159955294341,
          0.47820162756369694
        ],
        [
          0.9569498011631852,
          -0.2250792968664529,
          -0.18326589474270366
        ],
        [
          0.26724248525886457,
          0.4368576871855158,
          0.8589160699507189
        ]
      ],
      "t_target2cam": [
        0.11052876314427904,
        -0.13322333843143208,
        0.434880797101707
      ],
      "reproj_error_px": 0.0751517191529274
    },
    {
      "sample_id": 2,
      "pose_id": 2,
      "timestamp": "2026-03-16 17:19:54",
      "pattern_size": [
        6,
        7
      ],
      "square_size_m": 0.03,
      "image_path": "calib_dataset/images/sample_002.png",
      "tcp_pose_rpy": [
        524.030273,
        400.289795,
        299.963318,
        0.189411,
        -1.347089,
        -2.316331
      ],
      "tcp_pose_aa": [
        524.030273,
        400.289795,
        299.963318,
        -1.386001,
        -0.814134,
        -1.771425
      ],
      "joint_angles": [
        0.435205,
        1.074991,
        0.236014,
        1.948015,
        -0.636869,
        -0.932508,
        0.253518
      ],
      "R_gripper2base": [
        [
          -0.15049257303704933,
          0.8461246685907948,
          0.5112973994289486
        ],
        [
          -0.1629956658045908,
          -0.5313458164262141,
          0.8313266724310473
        ],
        [
          0.9750817393375831,
          0.04176922992439924,
          0.21787825279709805
        ]
      ],
      "t_gripper2base": [
        0.5240302729999999,
        0.400289795,
        0.29996331800000003
      ],
      "R_target2cam": [
        [
          0.04824865934338025,
          -0.9661384217105597,
          -0.25347310896068387
        ],
        [
          0.9673450057571567,
          0.10841643747668747,
          -0.22910590547070117
        ],
        [
          0.2488286693856896,
          -0.23414189326024457,
          0.9398201248708473
        ]
      ],
      "t_target2cam": [
        0.08483424280347082,
        -0.16465190608350813,
        0.5010535564190851
      ],
      "reproj_error_px": 0.08348115533590317
    },
    {
      "sample_id": 3,
      "pose_id": 3,
      "timestamp": "2026-03-16 17:20:01",
      "pattern_size": [
        6,
        7
      ],
      "square_size_m": 0.03,
      "image_path": "calib_dataset/images/sample_003.png",
      "tcp_pose_rpy": [
        506.019897,
        381.460968,
        316.169189,
        0.042629,
        -1.095744,
        -2.388243
      ],
      "tcp_pose_aa": [
        506.019897,
        381.460968,
        316.169189,
        -1.252559,
        -0.546782,
        -2.070823
      ],
      "joint_angles": [
        0.47178,
        1.034832,
        0.262948,
        1.851902,
        -0.293203,
        -1.190071,
        -0.028184
      ],
      "R_gripper2base": [
        [
          -0.3336172580161303,
          0.711107224141882,
          0.618890976608179
        ],
        [
          -0.31289141217024163,
          -0.7028133380332141,
          0.6388680427699627
        ],
        [
          0.8892685136357356,
          0.01949173301269358,
          0.4569700022980182
        ]
      ],
      "t_gripper2base": [
        0.506019897,
        0.38146096799999996,
        0.316169189
      ],
      "R_target2cam": [
        [
          0.03099969358985337,
          -0.9989964241016486,
          -0.032328990541847326
        ],
        [
          0.9994426284132335,
          0.03058023192422167,
          0.013389620080808821
        ],
        [
          -0.01238755455216198,
          -0.03272604540088007,
          0.9993875896991304
        ]
      ],
      "t_target2cam": [
        0.08944956383909598,
        -0.19172315677380264,
        0.5549458005631899
      ],
      "reproj_error_px": 0.06683225929737091
    },
    {
      "sample_id": 4,
      "pose_id": 4,
      "timestamp": "2026-03-16 17:20:08",
      "pattern_size": [
        6,
        7
      ],
      "square_size_m": 0.03,
      "image_path": "calib_dataset/images/sample_004.png",
      "tcp_pose_rpy": [
        544.664246,
        421.99823,
        264.38501,
        2.998088,
        -1.41444,
        0.950265
      ],
      "tcp_pose_aa": [
        544.664246,
        421.99823,
        264.38501,
        -1.895696,
        -0.832456,
        -1.638574
      ],
      "joint_angles": [
        0.47178,
        1.034832,
        0.262948,
        1.851902,
        -0.293203,
        -0.560739,
        -0.028184
      ],
      "R_gripper2base": [
        [
          0.09054591936679557,
          0.7230645468905742,
          0.6848204856135296
        ],
        [
          0.1266889664380867,
          -0.690421402363496,
          0.7122276271960201
        ],
        [
          0.9878012665859826,
          0.02226989421511172,
          -0.1541191407411051
        ]
      ],
      "t_gripper2base": [
        0.5446642460000001,
        0.42199823,
        0.26438501000000003
      ],
      "R_target2cam": [
        [
          0.007770167654275531,
          -0.9986690377037635,
          -0.05098801453737528
        ],
        [
          0.8156864351559896,
          0.03582536190815365,
          -0.5773839129614396
        ],
        [
          0.5784421008166141,
          -0.037103862009081334,
          0.8148791563335467
        ]
      ],
      "t_target2cam": [
        0.09811482642979719,
        -0.07959175996164639,
        0.3992998476866675
      ],
      "reproj_error_px": 0.09540759027004242
    },
    {
      "sample_id": 5,
      "pose_id": 5,
      "timestamp": "2026-03-16 17:20:17",
      "pattern_size": [
        6,
        7
      ],
      "square_size_m": 0.03,
      "image_path": "calib_dataset/images/sample_005.png",
      "tcp_pose_rpy": [
        301.776794,
        441.411713,
        302.223938,
        0.05784,
        -1.314696,
        -2.437527
      ],
      "tcp_pose_aa": [
        301.776794,
        441.411713,
        302.223938,
        -1.508842,
        -0.619323,
        -1.965832
      ],
      "joint_angles": [
        0.820455,
        0.699489,
        0.267409,
        1.216488,
        0.21204,
        -1.344026,
        -0.300119
      ],
      "R_gripper2base": [
        [
          -0.19307704512502233,
          0.688863817029715,
          0.6987044412575616
        ],
        [
          -0.16397274990869082,
          -0.7247428615792929,
          0.6692239698914256
        ],
        [
          0.9673852345023528,
          0.014643298027055662,
          0.2528861045801426
        ]
      ],
      "t_gripper2base": [
        0.301776794,
        0.44141171300000004,
        0.30222393799999997
      ],
      "R_target2cam": [
        [
          0.029142721114080193,
          -0.9995398453434128,
          0.008414236562736252
        ],
        [
          0.9790688778096819,
          0.026847507169098325,
          -0.20175069730560002
        ],
        [
          0.2014319595063246,
          0.014117681455251677,
          0.9794007641204753
        ]
      ],
      "t_target2cam": [
        0.27510821110000155,
        -0.22362320680326261,
        0.5997310299606435
      ],
      "reproj_error_px": 0.06187030300498009
    },
    {
      "sample_id": 6,
      "pose_id": 6,
      "timestamp": "2026-03-16 17:20:22",
      "pattern_size": [
        6,
        7
      ],
      "square_size_m": 0.03,
      "image_path": "calib_dataset/images/sample_006.png",
      "tcp_pose_rpy": [
        309.613281,
        455.914246,
        288.498169,
        0.260288,
        -1.479555,
        -2.590105
      ],
      "tcp_pose_aa": [
        309.613281,
        455.914246,
        288.498169,
        -1.651545,
        -0.733929,
        -1.822334
      ],
      "joint_angles": [
        0.820455,
        0.699489,
        0.267409,
        1.216488,
        0.21204,
        -1.169732,
        -0.300119
      ],
      "R_gripper2base": [
        [
          -0.0776065826439244,
          0.724598540275831,
          0.684787685169985
        ],
        [
          -0.047740357047573734,
          -0.6887721708364175,
          0.7234042818440178
        ],
        [
          0.995840387130037,
          0.02344892559209988,
          0.08804584742777033
        ]
      ],
      "t_gripper2base": [
        0.30961328099999996,
        0.45591424599999997,
        0.288498169
      ],
      "R_target2cam": [
        [
          0.026607837816083134,
          -0.9986906527933027,
          -0.04369213876705863
        ],
        [
          0.931396857657267,
          0.040640405638812015,
          -0.3617295273760238
        ],
        [
          0.3630315640724946,
          -0.03106988015425402,
          0.9312586891053843
        ]
      ],
      "t_target2cam": [
        0.28110684900114424,
        -0.19505044026588503,
        0.5607714235441261
      ],
      "reproj_error_px": 0.0858437642455101
    },
    {
      "sample_id": 7,
      "pose_id": 7,
      "timestamp": "2026-03-16 17:20:29",
      "pattern_size": [
        6,
        7
      ],
      "square_size_m": 0.03,
      "image_path": "calib_dataset/images/sample_007.png",
      "tcp_pose_rpy": [
        294.714172,
        430.093903,
        310.44577,
        0.007962,
        -1.1932,
        -2.424701
      ],
      "tcp_pose_aa": [
        294.714172,
        430.093903,
        310.44577,
        -1.398873,
        -0.533431,
        -2.062162
      ],
      "joint_angles": [
        0.820455,
        0.699489,
        0.267409,
        1.216488,
        0.21204,
        -1.471281,
        -0.300119
      ],
      "R_gripper2base": [
        [
          -0.27793553899350276,
          0.6626034202524338,
          0.6954915841576861
        ],
        [
          -0.2422438995105437,
          -0.7489646780602014,
          0.6167412781451429
        ],
        [
          0.92955351073207,
          0.002935726137688721,
          0.3686755378347304
        ]
      ],
      "t_gripper2base": [
        0.294714172,
        0.430093903,
        0.31044576999999995
      ],
      "R_target2cam": [
        [
          0.024762672819451062,
          -0.9986585836007044,
          0.04547354654600405
        ],
        [
          0.9965381138179193,
          0.02104780235009902,
          -0.08042871206512361
        ],
        [
          0.0793637054519269,
          0.04730775218572475,
          0.9957225410926849
        ]
      ],
      "t_target2cam": [
        0.2725254867435445,
        -0.23997285739988733,
        0.631012960641977
      ],
      "reproj_error_px": 0.04756464064121246
    },
    {
      "sample_id": 8,
      "pose_id": 8,
      "timestamp": "2026-03-16 17:20:36",
      "pattern_size": [
        6,
        7
      ],
      "square_size_m": 0.03,
      "image_path": "calib_dataset/images/sample_008.png",
      "tcp_pose_rpy": [
        294.714172,
        573.865784,
        310.44577,
        0.007962,
        -1.1932,
        -2.424701
      ],
      "tcp_pose_aa": [
        294.714172,
        573.865784,
        310.44577,
        -1.398873,
        -0.533431,
        -2.062162
      ],
      "joint_angles": [
        1.085807,
        1.077778,
        0.190281,
        1.977479,
        0.376845,
        -1.166269,
        -0.497208
      ],
      "R_gripper2base": [
        [
          -0.27793553899350276,
          0.6626034202524338,
          0.6954915841576861
        ],
        [
          -0.2422438995105437,
          -0.7489646780602014,
          0.6167412781451429
        ],
        [
          0.92955351073207,
          0.002935726137688721,
          0.3686755378347304
        ]
      ],
      "t_gripper2base": [
        0.294714172,
        0.573865784,
        0.31044576999999995
      ],
      "R_target2cam": [
        [
          0.019618810650493215,
          -0.9990495922836243,
          0.038923186233705984
        ],
        [
          0.99652975164939,
          0.016389871597914683,
          -0.08160775812757393
        ],
        [
          0.08089225145998122,
          0.040389160265194124,
          0.99590419187129
        ]
      ],
      "t_target2cam": [
        0.37710028625433545,
        -0.19485108522046984,
        0.5436173149242856
      ],
      "reproj_error_px": 0.055222827941179276
    },
    {
      "sample_id": 9,
      "pose_id": 9,
      "timestamp": "2026-03-16 17:20:40",
      "pattern_size": [
        6,
        7
      ],
      "square_size_m": 0.03,
      "image_path": "calib_dataset/images/sample_009.png",
      "tcp_pose_rpy": [
        301.554962,
        591.294128,
        300.082184,
        0.12338,
        -1.345673,
        -2.701219
      ],
      "tcp_pose_aa": [
        301.554962,
        591.294128,
        300.082184,
        -1.660247,
        -0.509112,
        -2.096855
      ],
      "joint_angles": [
        1.189594,
        1.176477,
        0.102318,
        2.207968,
        0.739221,
        -1.025315,
        -0.752057
      ],
      "R_gripper2base": [
        [
          -0.20192899619129567,
          0.531553845724098,
          0.8226026924300077
        ],
        [
          -0.09515634469525644,
          -0.846578879151124,
          0.5236883342594756
        ],
        [
          0.9747666133805638,
          0.027471994305991926,
          0.22152954423155047
        ]
      ],
      "t_gripper2base": [
        0.301554962,
        0.591294128,
        0.300082184
      ],
      "R_target2cam": [
        [
          -0.03731370747919787,
          -0.9808807299948542,
          0.1909991642885354
        ],
        [
          0.9716677341663212,
          -0.08025178887177851,
          -0.22230938973189324
        ],
        [
          0.23338702109209966,
          0.17729253765356723,
          0.9560846481761511
        ]
      ],
      "t_target2cam": [
        0.3954142075752029,
        -0.16370527768511808,
        0.4868015816071988
      ],
      "reproj_error_px": 0.07860011607408524
    },
    {
      "sample_id": 10,
      "pose_id": 10,
      "timestamp": "2026-03-16 17:20:47",
      "pattern_size": [
        6,
        7
      ],
      "square_size_m": 0.03,
      "image_path": "calib_dataset/images/sample_010.png",
      "tcp_pose_rpy": [
        301.554962,
        591.294128,
        300.082184,
        0.12338,
        -1.345673,
        -2.403417
      ],
      "tcp_pose_aa": [
        301.554962,
        591.294128,
        300.082184,
        -1.480932,
        -0.708892,
        -1.879375
      ],
      "joint_angles": [
        1.117305,
        1.056472,
        0.094244,
        1.938159,
        0.331152,
        -0.96992,
        -0.371187
      ],
      "R_gripper2base": [
        [
          -0.16512008649067256,
          0.7565601207428909,
          0.6327338624878671
        ],
        [
          -0.15021800607741514,
          -0.6533468231766888,
          0.7420057137886837
        ],
        [
          0.9747665913886454,
          0.027472028436771934,
          0.2215296367670263
        ]
      ],
      "t_gripper2base": [
        0.301554962,
        0.591294128,
        0.300082184
      ],
      "R_target2cam": [
        [
          0.032296027351483306,
          -0.994589139144493,
          -0.09873910528827172
        ],
        [
          0.9718474620741873,
          0.05431805854946258,
          -0.22926416853790804
        ],
        [
          0.23338696852496582,
          -0.08855502702406749,
          0.9683431881887193
        ]
      ],
      "t_target2cam": [
        0.3823201953693161,
        -0.17596680997631878,
        0.5108989205432419
      ],
      "reproj_error_px": 0.08747275918722153
    },
    {
      "sample_id": 11,
      "pose_id": 11,
      "timestamp": "2026-03-16 17:20:53",
      "pattern_size": [
        6,
        7
      ],
      "square_size_m": 0.03,
      "image_path": "calib_dataset/images/sample_011.png",
      "tcp_pose_rpy": [
        301.554962,
        591.294128,
        219.883926,
        0.12338,
        -1.345673,
        -2.679947
      ],
      "tcp_pose_aa": [
        301.554962,
        591.294128,
        219.883926,
        -1.647711,
        -0.524504,
        -2.0817
      ],
      "joint_angles": [
        1.192135,
        1.358966,
        0.079865,
        2.296777,
        0.676601,
        -1.06652,
        -0.645357
      ],
      "R_gripper2base": [
        [
          -0.1998588648973555,
          0.5494404557203321,
          0.8112777697803475
        ],
        [
          -0.0994296547879702,
          -0.8350811211917966,
          0.5410667840274406
        ],
        [
          0.9747667299773242,
          0.02747192470297255,
          0.22152903981742122
        ]
      ],
      "t_gripper2base": [
        0.301554962,
        0.591294128,
        0.219883926
      ],
      "R_target2cam": [
        [
          -0.03205401199129732,
          -0.9852270301328327,
          0.16822674998614207
        ],
        [
          0.9718911665324077,
          -0.0700016322578585,
          -0.22478285499012457
        ],
        [
          0.23323829173516425,
          0.15629289995669582,
          0.959777280774862
        ]
      ],
      "t_target2cam": [
        0.396500231824489,
        -0.09291257753042222,
        0.5251732577598295
      ],
      "reproj_error_px": 0.07524015754461288
    }
  ]
}